DATE,PRICE
2016-01-01,1270.0
2016-01-02,1270.0
2016-01-03,1372.5
2016-01-04,1475.0
2016-01-05,1510.0
2016-01-06,1540.0
2016-01-07,1560.0
2016-01-08,1570.0
2016-01-09,1590.0
2016-01-10,1595.0
2016-01-11,1600.0
2016-01-12,1640.0
2016-01-13,1440.0
2016-01-14,1480.0
2016-01-15,1485.0
2016-01-16,1480.0
2016-01-17,1475.0
2016-01-18,1470.0
2016-01-19,1475.0
2016-01-20,1470.0
2016-01-21,1460.0
2016-01-22,1450.0
2016-01-23,1450.0
2016-01-24,1425.0
2016-01-25,1400.0
2016-01-26,1380.0
2016-01-27,1350.0
2016-01-28,1330.0
2016-01-29,1325.0
2016-01-30,1320.0
2016-01-31,1315.0
2016-02-01,1310.0
2016-02-02,1300.0
2016-02-03,1310.0
2016-02-04,1320.0
2016-02-05,1310.0
2016-02-06,1315.0
2016-02-07,1321.6666666416668
2016-02-08,1330.0
2016-02-09,1340.0
2016-02-10,1350.0
2016-02-11,1340.0
2016-02-12,1330.0
2016-02-13,1320.0
2016-02-14,1300.0
2016-02-15,1280.0
2016-02-16,1275.0
2016-02-17,1260.0
2016-02-18,1250.0
2016-02-19,1240.0
2016-02-20,1230.0
2016-02-21,1210.0
2016-02-22,1190.0
2016-02-23,1180.0
2016-02-24,1170.0
2016-02-25,1150.0
2016-02-26,1140.0
2016-02-27,1135.0
2016-02-28,1128.888888875
2016-02-29,1120.0
2016-03-01,1100.0
2016-03-02,1080.0
2016-03-03,1070.0
2016-03-04,1065.0
2016-03-05,1050.0
2016-03-06,1044.3749999765625
2016-03-07,1045.0
2016-03-08,1050.0
2016-03-09,1045.0
2016-03-10,1040.0
2016-03-11,1045.0
2016-03-12,1050.0
2016-03-13,1055.0
2016-03-14,1060.0
2016-03-15,1050.0
2016-03-16,1045.0
2016-03-17,1050.0
2016-03-18,1060.0
2016-03-19,1050.0
2016-03-20,1046.24999998125
2016-03-21,1045.0
2016-03-22,1045.0
2016-03-23,1057.5
2016-03-24,1070.0
2016-03-25,1045.0
2016-03-26,1050.0
2016-03-27,1060.0
2016-03-28,1070.0
2016-03-29,1075.0
2016-03-30,1070.0
2016-03-31,1080.0
2016-04-01,1070.0
2016-04-02,1075.0
2016-04-03,1062.5
2016-04-04,1050.0
2016-04-05,1050.0
2016-04-06,1040.0
2016-04-07,1030.0
2016-04-08,1020.0
2016-04-09,1000.0
2016-04-10,1015.0
2016-04-11,1030.0
2016-04-12,1025.0
2016-04-13,1020.0
2016-04-14,1020.0
2016-04-15,1025.0
2016-04-16,1020.0
2016-04-17,1000.0
2016-04-18,980.0
2016-04-19,960.0
2016-04-20,960.0
2016-04-21,945.0
2016-04-22,950.0
2016-04-23,940.0
2016-04-24,945.0
2016-04-25,950.0
2016-04-26,945.0
2016-04-27,950.0
2016-04-28,960.0
2016-04-29,950.0
2016-04-30,960.0
2016-05-01,962.5
2016-05-02,965.0
2016-05-03,970.0
2016-05-04,960.0
2016-05-05,965.0
2016-05-06,970.0
2016-05-07,960.0
2016-05-08,945.0
2016-05-09,930.0
2016-05-10,920.0
2016-05-11,915.0
2016-05-12,910.0
2016-05-13,915.0
2016-05-14,910.0
2016-05-15,911.24999998125
2016-05-16,915.0
2016-05-17,920.0
2016-05-18,915.0
2016-05-19,910.0
2016-05-20,915.0
2016-05-21,920.0
2016-05-22,918.74999998125
2016-05-23,915.0
2016-05-24,910.0
2016-05-25,900.0
2016-05-26,910.0
2016-05-27,915.0
2016-05-28,910.0
2016-05-29,905.0
2016-05-30,900.0
2016-05-31,890.0
2016-06-01,880.0
2016-06-02,875.0
2016-06-03,880.0
2016-06-04,890.0
2016-06-05,887.49999998125
2016-06-06,880.0
2016-06-07,870.0
2016-06-08,875.0
2016-06-09,870.0
2016-06-10,865.0
2016-06-11,870.0
2016-06-12,842.5
2016-06-13,815.0
2016-06-14,800.0
2016-06-15,790.0
2016-06-16,780.0
2016-06-17,775.0
2016-06-18,770.0
2016-06-19,755.0
2016-06-20,740.0
2016-06-21,745.0
2016-06-22,735.0
2016-06-23,730.0
2016-06-24,730.0
2016-06-25,730.0
2016-06-26,720.0
2016-06-27,710.0
2016-06-28,715.0
2016-06-29,710.0
2016-06-30,715.0
2016-07-01,710.0
2016-07-02,700.0
2016-07-03,697.5
2016-07-04,695.0
2016-07-05,690.0
2016-07-06,700.0
2016-07-07,695.0
2016-07-08,700.0
2016-07-09,710.0
2016-07-10,710.0
2016-07-11,710.0
2016-07-12,715.0
2016-07-13,710.0
2016-07-14,700.0
2016-07-15,695.0
2016-07-16,690.0
2016-07-17,704.0909090692148
2016-07-18,750.0
2016-07-19,855.0
2016-07-20,860.0
2016-07-21,865.0
2016-07-22,870.0
2016-07-23,875.0
2016-07-24,862.5
2016-07-25,850.0
2016-07-26,845.0
2016-07-27,840.0
2016-07-28,850.0
2016-07-29,845.0
2016-07-30,880.0
2016-07-31,927.5
2016-08-01,975.0
2016-08-02,980.0
2016-08-03,990.0
2016-08-04,1000.0
2016-08-05,1010.0
2016-08-06,1015.0
2016-08-07,1014.999999975
2016-08-08,1010.0
2016-08-09,1000.0
2016-08-10,1010.0
2016-08-11,1015.0
2016-08-12,1010.0
2016-08-13,1015.0
2016-08-14,1015.62499998125
2016-08-15,1011.4285714040816
2016-08-16,1000.0
2016-08-17,980.0
2016-08-18,975.0
2016-08-19,970.0
2016-08-20,975.0
2016-08-21,973.74999998125
2016-08-22,970.0
2016-08-23,965.0
2016-08-24,970.0
2016-08-25,975.0
2016-08-26,965.0
2016-08-27,970.0
2016-08-28,940.0
2016-08-29,910.0
2016-08-30,900.0
2016-08-31,890.0
2016-09-01,880.0
2016-09-02,850.0
2016-09-03,840.0
2016-09-04,840.0
2016-09-05,840.0
2016-09-06,835.0
2016-09-07,840.0
2016-09-08,845.0
2016-09-09,850.0
2016-09-10,860.0
2016-09-11,855.0
2016-09-12,850.0
2016-09-13,845.0
2016-09-14,840.0
2016-09-15,845.0
2016-09-16,850.0
2016-09-17,850.0
2016-09-18,815.0
2016-09-19,780.0
2016-09-20,770.0
2016-09-21,775.0
2016-09-22,770.0
2016-09-23,745.0
2016-09-24,740.0
2016-09-25,741.24999998125
2016-09-26,745.0
2016-09-27,750.0
2016-09-28,745.0
2016-09-29,740.0
2016-09-30,750.0
2016-10-01,760.0
2016-10-02,742.5
2016-10-03,725.0
2016-10-04,720.0
2016-10-05,715.0
2016-10-06,720.0
2016-10-07,725.0
2016-10-08,750.0
2016-10-09,755.0
2016-10-10,760.0
2016-10-11,770.0
2016-10-12,775.0
2016-10-13,780.0
2016-10-14,775.0
2016-10-15,800.0
2016-10-16,817.2222222
2016-10-17,830.0
2016-10-18,840.0
2016-10-19,850.0
2016-10-20,860.0
2016-10-21,850.0
2016-10-22,845.0
2016-10-23,855.0
2016-10-24,865.0
2016-10-25,870.0
2016-10-26,875.0
2016-10-27,880.0
2016-10-28,875.0
2016-10-29,865.0
2016-10-30,859.999999975
2016-10-31,860.0
2016-11-01,865.0
2016-11-02,870.0
2016-11-03,875.0
2016-11-04,870.0
2016-11-05,875.0
2016-11-06,868.888888875
2016-11-07,860.0
2016-11-08,850.0
2016-11-09,845.0
2016-11-10,850.0
2016-11-11,860.0
2016-11-12,850.0
2016-11-13,852.49999998125
2016-11-14,860.0
2016-11-15,870.0
2016-11-16,875.0
2016-11-17,880.0
2016-11-18,875.0
2016-11-19,870.0
2016-11-20,975.0
2016-11-21,1080.0
2016-11-22,1075.0
2016-11-23,1070.0
2016-11-24,1065.0
2016-11-25,1075.0
2016-11-26,1070.0
2016-11-27,1071.24999998125
2016-11-28,1075.0
2016-11-29,1080.0
2016-11-30,1175.0
2016-12-01,1180.0
2016-12-02,1175.0
2016-12-03,1180.0
2016-12-04,1057.5
2016-12-05,935.0
2016-12-06,925.0
2016-12-07,915.0
2016-12-08,960.0
2016-12-09,900.0
2016-12-10,800.0
2016-12-11,789.4444444271605
2016-12-12,810.0
2016-12-13,845.0
2016-12-14,850.0
2016-12-15,875.0
2016-12-16,880.0
2016-12-17,990.0
2016-12-18,990.0
2016-12-19,990.0
2016-12-20,995.0
2016-12-21,985.0
2016-12-22,980.0
2016-12-23,995.0
2016-12-24,990.0
2016-12-25,940.0
2016-12-26,890.0
2016-12-27,880.0
2016-12-28,870.0
2016-12-29,860.0
2016-12-30,865.0
2016-12-31,870.0
2017-01-01,872.5
2017-01-02,875.0
2017-01-03,880.0
2017-01-04,260.0
2017-01-05,880.0
2017-01-06,875.0
2017-01-07,880.0
2017-01-08,877.5
2017-01-09,875.0
2017-01-10,880.0
2017-01-11,885.0
2017-01-12,890.0
2017-01-13,895.0
2017-01-14,890.0
2017-01-15,892.7777777555556
2017-01-16,900.0
2017-01-17,910.0
2017-01-18,900.0
2017-01-19,890.0
2017-01-20,885.0
2017-01-21,880.0
2017-01-22,885.0
2017-01-23,890.0
2017-01-24,895.0
2017-01-25,890.0
2017-01-26,886.24999998125
2017-01-27,885.0
2017-01-28,890.0
2017-01-29,892.5
2017-01-30,895.0
2017-01-31,900.0
2017-02-01,910.0
2017-02-02,900.0
2017-02-03,895.0
2017-02-04,890.0
2017-02-05,892.7777777555556
2017-02-06,900.0
2017-02-07,910.0
2017-02-08,915.0
2017-02-09,910.0
2017-02-10,915.0
2017-02-11,910.0
2017-02-12,912.5
2017-02-13,915.0
2017-02-14,910.0
2017-02-15,915.0
2017-02-16,910.0
2017-02-17,915.0
2017-02-18,910.0
2017-02-19,900.0
2017-02-20,890.0
2017-02-21,880.0
2017-02-22,875.0
2017-02-23,900.0
2017-02-24,890.0
2017-02-25,880.0
2017-02-26,881.1111110972222
2017-02-27,885.0
2017-02-28,890.0
2017-03-01,880.0
2017-03-02,875.0
2017-03-03,870.0
2017-03-04,875.0
2017-03-05,877.5
2017-03-06,880.0
2017-03-07,885.0
2017-03-08,883.74999998125
2017-03-09,880.0
2017-03-10,875.0
2017-03-11,890.0
2017-03-12,892.7777753086474
2017-03-13,892.5925936899847
2017-03-14,895.0
2017-03-15,900.0
2017-03-16,910.0
2017-03-17,900.0
2017-03-18,890.0
2017-03-19,891.1111110972222
2017-03-20,895.0
2017-03-21,900.0
2017-03-22,910.0
2017-03-23,915.0
2017-03-24,910.0
2017-03-25,900.0
2017-03-26,905.0
2017-03-27,910.0
2017-03-28,915.0
2017-03-29,920.0
2017-03-30,925.0
2017-03-31,920.0
2017-04-01,925.0
2017-04-02,927.5
2017-04-03,930.0
2017-04-04,940.0
2017-04-05,935.0
2017-04-06,240.0
2017-04-07,935.0
2017-04-08,930.0
2017-04-09,931.24999998125
2017-04-10,935.0
2017-04-11,940.0
2017-04-12,945.0
2017-04-13,940.0
2017-04-14,945.0
2017-04-15,950.0
2017-04-16,947.2222222
2017-04-17,940.0
2017-04-18,930.0
2017-04-19,925.0
2017-04-20,930.0
2017-04-21,920.0
2017-04-22,925.0
2017-04-23,923.74999998125
2017-04-24,920.0
2017-04-25,915.0
2017-04-26,910.0
2017-04-27,915.0
2017-04-28,910.0
2017-04-29,915.0
2017-04-30,917.5
2017-05-01,920.0
2017-05-02,930.0
2017-05-03,925.0
2017-05-04,930.0
2017-05-05,935.0
2017-05-06,930.0
2017-05-07,926.24999998125
2017-05-08,925.0
2017-05-09,930.0
2017-05-10,835.0
2017-05-11,830.0
2017-05-12,840.0
2017-05-13,830.0
2017-05-14,810.0
2017-05-15,790.0
2017-05-16,770.0
2017-05-17,750.0
2017-05-18,730.0
2017-05-19,720.0
2017-05-20,710.0
2017-05-21,717.5
2017-05-22,725.0
2017-05-23,730.0
2017-05-24,735.0
2017-05-25,745.0
2017-05-26,740.0
2017-05-27,745.0
2017-05-28,717.5
2017-05-29,690.0
2017-05-30,680.0
2017-05-31,675.0
2017-06-01,670.0
2017-06-02,665.0
2017-06-03,660.0
2017-06-04,672.3333333173333
2017-06-05,690.0
2017-06-06,710.0
2017-06-07,720.0
2017-06-08,730.0
2017-06-09,745.0
2017-06-10,750.0
2017-06-11,748.74999998125
2017-06-12,745.0
2017-06-13,740.0
2017-06-14,750.0
2017-06-15,755.0
2017-06-16,750.0
2017-06-17,755.0
2017-06-18,767.5
2017-06-19,780.0
2017-06-20,790.0
2017-06-21,800.0
2017-06-22,810.0
2017-06-23,815.0
2017-06-24,820.0
2017-06-25,825.0
2017-06-26,830.0
2017-06-27,825.0
2017-06-28,830.0
2017-06-29,840.0
2017-06-30,845.0
2017-07-01,840.0
2017-07-02,832.5
2017-07-03,825.0
2017-07-04,820.0
2017-07-05,815.0
2017-07-06,810.0
2017-07-07,815.0
2017-07-08,810.0
2017-07-09,811.24999998125
2017-07-10,815.0
2017-07-11,820.0
2017-07-12,830.0
2017-07-13,825.0
2017-07-14,830.0
2017-07-15,835.0
2017-07-16,822.5
2017-07-17,810.0
2017-07-18,815.0
2017-07-19,810.0
2017-07-20,800.0
2017-07-21,810.0
2017-07-22,810.0
2017-07-23,795.0
2017-07-24,780.0
2017-07-25,770.0
2017-07-26,760.0
2017-07-27,750.0
2017-07-28,760.0
2017-07-29,750.0
2017-07-30,747.5
2017-07-31,745.0
2017-08-01,740.0
2017-08-02,1130.0
2017-08-03,1125.0
2017-08-04,1130.0
2017-08-05,1500.0
2017-08-06,1588.7037036917438
2017-08-07,1620.0
2017-08-08,1630.0
2017-08-09,1850.0
2017-08-10,1860.0
2017-08-11,1870.0
2017-08-12,1875.0
2017-08-13,1962.5
2017-08-14,2050.0
2017-08-15,2080.0
2017-08-16,2100.0
2017-08-17,2150.0
2017-08-18,2175.0
2017-08-19,2180.0
2017-08-20,2178.74999998125
2017-08-21,2175.0
2017-08-22,2170.0
2017-08-23,2160.0
2017-08-24,2150.0
2017-08-25,2160.0
2017-08-26,2165.0
2017-08-27,2167.3728813534544
2017-08-28,2160.0
2017-08-29,1870.0
2017-08-30,1875.0
2017-08-31,1880.0
2017-09-01,1880.0
2017-09-02,1880.0
2017-09-03,1910.0
2017-09-04,1940.0
2017-09-05,1950.0
2017-09-06,1975.0
2017-09-07,1980.0
2017-09-08,1875.0
2017-09-09,1880.0
2017-09-10,1870.0
2017-09-11,1860.0
2017-09-12,1850.0
2017-09-13,1840.0
2017-09-14,1830.0
2017-09-15,1825.0
2017-09-16,1830.0
2017-09-17,1845.0
2017-09-18,1860.0
2017-09-19,1800.0
2017-09-20,1815.0
2017-09-21,1840.0
2017-09-22,1820.0
2017-09-23,1815.0
2017-09-24,1812.5
2017-09-25,1810.0
2017-09-26,1675.0
2017-09-27,1670.0
2017-09-28,1655.0
2017-09-29,1630.0
2017-09-30,1630.0
2017-10-01,1636.6666666416668
2017-10-02,1650.0
2017-10-03,1670.0
2017-10-04,1675.0
2017-10-05,1680.0
2017-10-06,1675.0
2017-10-07,1680.0
2017-10-08,1685.0
2017-10-09,1690.0
2017-10-10,2300.0
2017-10-11,2310.0
2017-10-12,2320.0
2017-10-13,2325.0
2017-10-14,2320.0
2017-10-15,2330.0
2017-10-16,2340.0
2017-10-17,2330.0
2017-10-18,2325.0
2017-10-19,2340.0
2017-10-20,2350.0
2017-10-21,2340.0
2017-10-22,2220.0
2017-10-23,2100.0
2017-10-24,2300.0
2017-10-25,2850.0
2017-10-26,2820.0
2017-10-27,2800.0
2017-10-28,2815.0
2017-10-29,2826.666666641667
2017-10-30,2835.0
2017-10-31,2840.0
2017-11-01,2850.0
2017-11-02,2860.0
2017-11-03,2870.0
2017-11-04,2860.0
2017-11-05,2855.0
2017-11-06,2850.0
2017-11-07,2825.0
2017-11-08,2820.0
2017-11-09,2815.0
2017-11-10,2820.0
2017-11-11,2815.0
2017-11-12,2832.5
2017-11-13,2850.0
2017-11-14,2860.0
2017-11-15,2875.0
2017-11-16,2860.0
2017-11-17,2870.0
2017-11-18,2860.0
2017-11-19,2755.0
2017-11-20,2650.0
2017-11-21,2660.0
2017-11-22,2670.0
2017-11-23,2650.0
2017-11-24,2660.0
2017-11-25,2650.0
2017-11-26,2900.0
2017-11-27,3150.0
2017-11-28,3200.0
2017-11-29,3210.0
2017-11-30,3220.0
2017-12-01,3230.0
2017-12-02,3220.0
2017-12-03,3240.0
2017-12-04,3260.0
2017-12-05,3270.0
2017-12-06,3280.0
2017-12-07,3275.0
2017-12-08,3270.0
2017-12-09,3275.0
2017-12-10,3274.999999975
2017-12-11,3270.0
2017-12-12,3260.0
2017-12-13,3270.0
2017-12-14,3050.0
2017-12-15,3025.0
2017-12-16,3010.0
2017-12-17,2990.0
2017-12-18,2970.0
2017-12-19,2950.0
2017-12-20,2940.0
2017-12-21,2930.0
2017-12-22,2925.0
2017-12-23,2920.0
2017-12-24,2990.0
2017-12-25,3060.0
2017-12-26,3075.0
2017-12-27,3080.0
2017-12-28,3100.0
2017-12-29,3120.0
2017-12-30,3130.0
2017-12-31,3165.0
2018-01-01,3200.0
2018-01-02,3230.0
2018-01-03,3230.0
2018-01-04,3285.0
2018-01-05,3220.0
2018-01-06,3210.0
2018-01-07,3165.0
2018-01-08,3120.0
2018-01-09,3110.0
2018-01-10,3100.0
2018-01-11,3080.0
2018-01-12,3070.0
2018-01-13,3075.0
2018-01-14,3167.5
2018-01-15,3260.0
2018-01-16,3270.0
2018-01-17,3275.0
2018-01-18,3280.0
2018-01-19,3270.0
2018-01-20,3275.0
2018-01-21,3177.5
2018-01-22,3080.0
2018-01-23,3050.0
2018-01-24,3000.0
2018-01-25,2980.0
2018-01-26,2968.809523785941
2018-01-27,2970.0
2018-01-28,2997.5
2018-01-29,3025.0
2018-01-30,3030.0
2018-01-31,3040.0
2018-02-01,2830.0
2018-02-02,2810.0
2018-02-03,2800.0
2018-02-04,2735.0
2018-02-05,2670.0
2018-02-06,2660.0
2018-02-07,2650.0
2018-02-08,2630.0
2018-02-09,2625.0
2018-02-10,2630.0
2018-02-11,2578.7426875277874
2018-02-12,2512.9960329113123
2018-02-13,2460.0
2018-02-14,2420.0
2018-02-15,2410.0
2018-02-16,2420.0
2018-02-17,2430.0
2018-02-18,2365.0
2018-02-19,2300.0
2018-02-20,2280.0
2018-02-21,2260.0
2018-02-22,2050.0
2018-02-23,2060.0
2018-02-24,2050.0
2018-02-25,1935.0
2018-02-26,1820.0
2018-02-27,1810.0
2018-02-28,1800.0
2018-03-01,1780.0
2018-03-02,1760.0
2018-03-03,1750.0
2018-03-04,1695.0
2018-03-05,1640.0
2018-03-06,1620.0
2018-03-07,1600.0
2018-03-08,1580.0
2018-03-09,1570.0
2018-03-10,1575.0
2018-03-11,1577.5
2018-03-12,1580.0
2018-03-13,1590.0
2018-03-14,1575.0
2018-03-15,1560.0
2018-03-16,1570.0
2018-03-17,1575.0
2018-03-18,1397.5
2018-03-19,1220.0
2018-03-20,1200.0
2018-03-21,1190.0
2018-03-22,1190.0
2018-03-23,1180.0
2018-03-24,1170.0
2018-03-25,1155.0
2018-03-26,1140.0
2018-03-27,1130.0
2018-03-28,1125.0
2018-03-29,1130.0
2018-03-30,1120.0
2018-03-31,1125.0
2018-04-01,1128.74999998125
2018-04-02,1130.0
2018-04-03,1125.0
2018-04-04,1140.0
2018-04-05,1150.0
2018-04-06,1145.0
2018-04-07,1140.0
2018-04-08,1125.0
2018-04-09,1110.0
2018-04-10,1100.0
2018-04-11,1110.0
2018-04-12,1115.0
2018-04-13,1095.0
2018-04-14,1090.0
2018-04-15,1092.5
2018-04-16,1095.0
2018-04-17,1090.0
2018-04-18,1100.0
2018-04-19,1090.0
2018-04-20,1080.0
2018-04-21,1075.0
2018-04-22,1042.5
2018-04-23,1010.0
2018-04-24,1000.0
2018-04-25,1015.0
2018-04-26,1010.0
2018-04-27,1005.0
2018-04-28,1000.0
2018-04-29,990.0
2018-04-30,980.0
2018-05-01,975.0
2018-05-02,970.0
2018-05-03,960.0
2018-05-04,950.0
2018-05-05,960.0
2018-05-06,935.0
2018-05-07,910.0
2018-05-08,915.0
2018-05-09,910.0
2018-05-10,900.0
2018-05-11,890.0
2018-05-12,880.0
2018-05-13,900.0
2018-05-14,920.0
2018-05-15,930.0
2018-05-16,970.0
2018-05-17,975.0
2018-05-18,980.0
2018-05-19,985.0
2018-05-20,986.1111111034722
2018-05-21,975.0
2018-05-22,860.0
2018-05-23,870.0
2018-05-24,865.0
2018-05-25,870.0
2018-05-26,860.0
2018-05-27,845.0
2018-05-28,830.0
2018-05-29,840.0
2018-05-30,835.0
2018-05-31,825.0
2018-06-01,820.0
2018-06-02,810.0
2018-06-03,830.0
2018-06-04,850.0
2018-06-05,860.0
2018-06-06,850.0
2018-06-07,860.0
2018-06-08,890.0
2018-06-09,880.0
2018-06-10,872.7777777555556
2018-06-11,870.0
2018-06-12,875.0
2018-06-13,880.0
2018-06-14,890.0
2018-06-15,900.0
2018-06-16,890.0
2018-06-17,907.5
2018-06-18,925.0
2018-06-19,920.0
2018-06-20,915.0
2018-06-21,910.0
2018-06-22,920.0
2018-06-23,1830.0
2018-06-24,1840.0
2018-06-25,1850.0
2018-06-26,1870.0
2018-06-27,1880.0
2018-06-28,1900.0
2018-06-29,1910.0
2018-06-30,1920.0
2018-07-01,1917.49999998125
2018-07-02,1910.0
2018-07-03,1900.0
2018-07-04,1890.0
2018-07-05,1880.0
2018-07-06,1875.0
2018-07-07,1880.0
2018-07-08,1800.0
2018-07-09,1720.0
2018-07-10,1740.0
2018-07-11,1750.0
2018-07-12,1735.0
2018-07-13,1740.0
2018-07-14,1750.0
2018-07-15,1675.0
2018-07-16,1600.0
2018-07-17,1610.0
2018-07-18,1520.0
2018-07-19,1530.0
2018-07-20,1540.0
2018-07-21,1530.0
2018-07-22,1430.0
2018-07-23,1330.0
2018-07-24,1330.0
2018-07-25,1310.0
2018-07-26,1300.0
2018-07-27,1315.0
2018-07-28,1320.0
2018-07-29,1360.0
2018-07-30,1400.0
2018-07-31,1410.0
2018-08-01,1420.0
2018-08-02,1430.0
2018-08-03,1435.0
2018-08-04,1430.0
2018-08-05,1510.0
2018-08-06,1590.0
2018-08-07,1600.0
2018-08-08,1620.0
2018-08-09,1640.0
2018-08-10,1650.0
2018-08-11,1640.0
2018-08-12,1642.49999998125
2018-08-13,1650.0
2018-08-14,1660.0
2018-08-15,1650.0
2018-08-16,1640.0
2018-08-17,1650.0
2018-08-18,1660.0
2018-08-19,1640.0
2018-08-20,1620.0
2018-08-21,1600.0
2018-08-22,1590.0
2018-08-23,1580.0
2018-08-24,1570.0
2018-08-25,1575.0
2018-08-26,1574.999999975
2018-08-27,1570.0
2018-08-28,1560.0
2018-08-29,1540.0
2018-08-30,1530.0
2018-08-31,1540.0
2018-09-01,1530.0
2018-09-02,1500.0
2018-09-03,1470.0
2018-09-04,1460.0
2018-09-05,1450.0
2018-09-06,1440.0
2018-09-07,1430.0
2018-09-08,1420.0
2018-09-09,1430.0
2018-09-10,1440.0
2018-09-11,1450.0
2018-09-12,1445.0
2018-09-13,1450.0
2018-09-14,1460.0
2018-09-15,1470.0
2018-09-16,1473.3333333083333
2018-09-17,1470.0
2018-09-18,1460.0
2018-09-19,1440.0
2018-09-20,1450.0
2018-09-21,1440.0
2018-09-22,1430.0
2018-09-23,1340.0
2018-09-24,1250.0
2018-09-25,1260.0
2018-09-26,1240.0
2018-09-27,1250.0
2018-09-28,1245.0
2018-09-29,1240.0
2018-09-30,1270.0
2018-10-01,1300.0
2018-10-02,1320.0
2018-10-03,1310.0
2018-10-04,1300.0
2018-10-05,1290.0
2018-10-06,1285.0
2018-10-07,1302.5
2018-10-08,1320.0
2018-10-09,1325.0
2018-10-10,1330.0
2018-10-11,1320.0
2018-10-12,1340.0
2018-10-13,1330.0
2018-10-14,1300.0
2018-10-15,1270.0
2018-10-16,1260.0
2018-10-17,1250.0
2018-10-18,1245.0
2018-10-19,1250.0
2018-10-20,1245.0
2018-10-21,1262.5
2018-10-22,1280.0
2018-10-23,1275.0
2018-10-24,1290.0
2018-10-25,1800.0
2018-10-26,1810.0
2018-10-27,1815.0
2018-10-28,1821.1111110972222
2018-10-29,1830.0
2018-10-30,1850.0
2018-10-31,1870.0
2018-11-01,1890.0
2018-11-02,1880.0
2018-11-03,1875.0
2018-11-04,1874.999999975
2018-11-05,1880.0
2018-11-06,1890.0
2018-11-07,1880.0
2018-11-08,1875.0
2018-11-09,1880.0
2018-11-10,1875.0
2018-11-11,1837.5
2018-11-12,1800.0
2018-11-13,1780.0
2018-11-14,1775.0
2018-11-15,1760.0
2018-11-16,1750.0
2018-11-17,1750.0
2018-11-18,1665.0
2018-11-19,1580.0
2018-11-20,1560.0
2018-11-21,1550.0
2018-11-22,1530.0
2018-11-23,1520.0
2018-11-24,1510.0
2018-11-25,1505.0
2018-11-26,1500.0
2018-11-27,1490.0
2018-11-28,1480.0
2018-11-29,1475.0
2018-11-30,1480.0
2018-12-01,1480.0
2018-12-02,1410.0
2018-12-03,1340.0
2018-12-04,1330.0
2018-12-05,1220.0
2018-12-06,1215.0
2018-12-07,1210.0
2018-12-08,1110.0
2018-12-09,1105.0
2018-12-10,1100.0
2018-12-11,1080.0
2018-12-12,1075.0
2018-12-13,1070.0
2018-12-14,1060.0
2018-12-15,1050.0
2018-12-16,1035.0
2018-12-17,1020.0
2018-12-18,1010.0
2018-12-19,1000.0
2018-12-20,990.0
2018-12-21,1000.0
2018-12-22,990.0
2018-12-23,950.0
2018-12-24,910.0
2018-12-25,900.0
2018-12-26,870.0
2018-12-27,850.0
2018-12-28,860.0
2018-12-29,850.0
2018-12-30,860.0
2018-12-31,870.0
2019-01-01,875.0
2019-01-02,880.0
2019-01-03,870.0
2019-01-04,875.0
2019-01-05,865.0
2019-01-06,871.0416666557292
2019-01-07,880.0
2019-01-08,890.0
2019-01-09,900.0
2019-01-10,880.0
2019-01-11,875.0
2019-01-12,870.0
2019-01-13,910.0
2019-01-14,950.0
2019-01-15,970.0
2019-01-16,980.0
2019-01-17,990.0
2019-01-18,980.0
2019-01-19,990.0
2019-01-20,985.0
2019-01-21,980.0
2019-01-22,990.0
2019-01-23,1000.0
2019-01-24,990.0
2019-01-25,1010.0
2019-01-26,1018.8888864197557
2019-01-27,1021.1111135802443
2019-01-28,1030.0
2019-01-29,1050.0
2019-01-30,940.0
2019-01-31,960.0
2019-02-01,950.0
2019-02-02,940.0
2019-02-03,942.49999998125
2019-02-04,950.0
2019-02-05,960.0
2019-02-06,965.0
2019-02-07,970.0
2019-02-08,975.0
2019-02-09,970.0
2019-02-10,945.0
2019-02-11,920.0
2019-02-12,915.0
2019-02-13,910.0
2019-02-14,900.0
2019-02-15,915.0
2019-02-16,910.0
2019-02-17,895.0
2019-02-18,880.0
2019-02-19,890.0
2019-02-20,875.0
2019-02-21,870.0
2019-02-22,860.0
2019-02-23,865.0
2019-02-24,852.5
2019-02-25,840.0
2019-02-26,830.0
2019-02-27,835.0
2019-02-28,840.0
2019-03-01,830.0
2019-03-02,835.0
2019-03-03,847.5
2019-03-04,860.0
2019-03-05,850.0
2019-03-06,855.0
2019-03-07,860.0
2019-03-08,870.0
2019-03-09,860.0
2019-03-10,875.0
2019-03-11,890.0
2019-03-12,885.0
2019-03-13,900.0
2019-03-14,910.0
2019-03-15,920.0
2019-03-16,915.0
2019-03-17,922.49999998125
2019-03-18,935.0
2019-03-19,950.0
2019-03-20,960.0
2019-03-21,968.3333333083333
2019-03-22,975.0
2019-03-23,980.0
2019-03-24,950.0
2019-03-25,920.0
2019-03-26,915.0
2019-03-27,910.0
2019-03-28,920.0
2019-03-29,925.0
2019-03-30,920.0
2019-03-31,925.0
2019-04-01,930.0
2019-04-02,935.0
2019-04-03,940.0
2019-04-04,950.0
2019-04-05,945.0
2019-04-06,940.0
2019-04-07,937.5
2019-04-08,935.0
2019-04-09,925.0
2019-04-10,930.0
2019-04-11,925.0
2019-04-12,930.0
2019-04-13,925.0
2019-04-14,921.24999998125
2019-04-15,920.0
2019-04-16,925.0
2019-04-17,917.5
2019-04-18,910.0
2019-04-19,911.499999984
2019-04-20,915.0
2019-04-21,920.0
2019-04-22,925.0
2019-04-23,915.0
2019-04-24,925.0
2019-04-25,950.0
2019-04-26,960.0
2019-04-27,963.888886419764
2019-04-28,966.2962973936867
2019-04-29,970.0
2019-04-30,975.0
2019-05-01,965.0
2019-05-02,985.0
2019-05-03,980.0
2019-05-04,975.0
2019-05-05,980.0
2019-05-06,985.0
2019-05-07,975.0
2019-05-08,970.0
2019-05-09,965.0
2019-05-10,970.0
2019-05-11,975.0
2019-05-12,973.3333333083333
2019-05-13,965.0
2019-05-14,950.0
2019-05-15,965.0
2019-05-16,965.0
2019-05-17,967.249999975
2019-05-18,970.99999998125
2019-05-19,975.349999991
2019-05-20,980.0
2019-05-21,985.0
2019-05-22,975.0
2019-05-23,980.0
2019-05-24,985.0
2019-05-25,980.0
2019-05-26,977.5
2019-05-27,975.0
2019-05-28,967.5
2019-05-29,960.0
2019-05-30,965.0
2019-05-31,965.0
2019-06-01,985.0
2019-06-02,986.24999998125
2019-06-03,980.0
2019-06-04,970.0
2019-06-05,920.0
2019-06-06,900.0
2019-06-07,900.0
2019-06-08,905.0
2019-06-09,910.0
2019-06-10,915.0
2019-06-11,920.0
2019-06-12,925.0
2019-06-13,920.0
2019-06-14,922.5
2019-06-15,925.0
2019-06-16,927.5
2019-06-17,930.0
2019-06-18,932.5
2019-06-19,935.0
2019-06-20,940.0
2019-06-21,950.0
2019-06-22,960.0
2019-06-23,962.5
2019-06-24,965.0
2019-06-25,975.0
2019-06-26,1025.0
2019-06-27,1035.0
2019-06-28,1030.0
2019-06-29,1025.0
2019-06-30,1029.8437481011265
2019-07-01,1040.5345939638498
2019-07-02,1045.0
2019-07-03,1035.0
2019-07-04,1025.0
2019-07-05,1015.0
2019-07-06,1025.0
2019-07-07,1020.0
2019-07-08,1015.0
2019-07-09,1010.0
2019-07-10,1011.770833311849
2019-07-11,1025.0
2019-07-12,1060.0
2019-07-13,1093.4593023201055
2019-07-14,1125.9374999868164
2019-07-15,1155.892857119898
2019-07-16,1175.0
2019-07-17,1170.0
2019-07-18,1175.0
2019-07-19,1250.0
2019-07-20,1300.0
2019-07-21,1350.0
2019-07-22,1400.0
2019-07-23,1450.0
2019-07-24,1500.0
2019-07-25,1575.0
2019-07-26,1596.8749970703134
2019-07-27,1600.0
2019-07-28,1607.8125007324218
2019-07-29,1625.0
2019-07-30,1650.0
2019-07-31,1655.0
2019-08-01,1665.0
2019-08-02,1675.0
2019-08-03,1685.0
2019-08-04,1681.5
2019-08-05,1678.0
2019-08-06,1678.0
2019-08-07,1675.0
2019-08-08,1678.0
2019-08-09,1680.7230373222712
2019-08-10,1683.4124523487071
2019-08-11,1686.021561334028
2019-08-12,1688.342791224294
2019-08-13,1685.0
2019-08-14,1635.0
2019-08-15,1630.0
2019-08-16,1625.0
2019-08-17,1595.0
2019-08-18,1571.304347814745
2019-08-19,1565.0
2019-08-20,1650.0
2019-08-21,1700.0
2019-08-22,1715.0
2019-08-23,1720.0
2019-08-24,1725.0
2019-08-25,1734.5026881681733
2019-08-26,1760.0
2019-08-27,2075.0
2019-08-28,2200.0
2019-08-29,2300.0
2019-08-30,2400.0
2019-08-31,2600.0
2019-09-01,2650.675675664993
2019-09-02,2675.0
2019-09-03,2690.0
2019-09-04,2710.0
2019-09-05,2350.0
2019-09-06,2375.0
2019-09-07,2250.0
2019-09-08,2211.934673351077
2019-09-09,2200.0
2019-09-10,2199.69999997504
2019-09-11,2215.0
2019-09-12,2245.0
2019-09-13,2375.0
2019-09-14,2400.0
2019-09-15,2430.208333322396
2019-09-16,2475.0
2019-09-17,2600.0
2019-09-18,2700.0
2019-09-19,2750.0
2019-09-20,3275.0
2019-09-21,3475.0
2019-09-22,3613.392857121046
2019-09-23,3650.0
2019-09-24,3500.0
2019-09-25,3875.0
2019-09-26,3745.0
2019-09-27,3750.0
2019-09-28,3760.0
2019-09-29,4017.5
2019-09-30,4275.0
2019-10-01,4325.0
2019-10-02,4362.5
2019-10-03,4400.0
2019-10-04,4500.0
2019-10-05,4485.0
2019-10-06,4465.48469387271
2019-10-07,4443.333333321373
2019-10-08,4414.076086934547
2019-10-09,4350.0
2019-10-10,4200.0
2019-10-11,4215.0
2019-10-12,4210.0
2019-10-13,4217.5
2019-10-14,4225.0
2019-10-15,3950.0
2019-10-16,3950.0
2019-10-17,3950.0
2019-10-18,3675.0
2019-10-19,3621.0779788850546
2019-10-20,3663.22519275489
2019-10-21,3615.0
2019-10-22,3450.0
2019-10-23,3460.0
2019-10-24,3470.0
2019-10-25,3400.0
2019-10-26,3415.0
2019-10-27,3423.5459183450125
2019-10-28,3426.2195121711966
2019-10-29,3424.6754143499093
2019-10-30,3420.0
2019-10-31,3410.331105524258
2019-11-01,3393.4629043413865
2019-11-02,3370.0591219421112
2019-11-03,3342.760316292742
2019-11-04,3345.0
2019-11-05,3538.075218576239
2019-11-06,3780.4233893080127
2019-11-07,3975.0
2019-11-08,4100.0
2019-11-09,4100.0
2019-11-10,4287.5
2019-11-11,4475.0
2019-11-12,4487.5
2019-11-13,4500.0
2019-11-14,4600.0
2019-11-15,4700.0
2019-11-16,4714.319248803477
2019-11-17,4645.433789932758
2019-11-18,4500.0
2019-11-19,4280.0
2019-11-20,4275.0
2019-11-21,4250.0
2019-11-22,4255.0
2019-11-23,4575.0
2019-11-24,4587.5
2019-11-25,4600.0
2019-11-26,4625.0
2019-11-27,4637.5
2019-11-28,4650.0
2019-11-29,4800.0
2019-11-30,4941.4842391484835
2019-12-01,5072.118919140175
2019-12-02,5193.026151915188
2019-12-03,5305.17846750858
2019-12-04,5409.42293501113
2019-12-05,5506.500761785741
2019-12-06,5597.063329904958
2019-12-07,5681.68540318002
2019-12-08,5760.8760705561135
2019-12-09,5835.087865943868
2019-12-10,5904.724409423918
2019-12-11,5970.146842155714
2019-12-12,6031.679271468434
2019-12-13,6089.613399323467
2019-12-14,6144.212473550312
2019-12-15,6195.714674709192
2019-12-16,6244.3360304409625
2019-12-17,6290.272932465476
2019-12-18,6333.704318029545
2019-12-19,6374.793566859171
2019-12-20,6413.690155981778
2019-12-21,6450.531107724201
2019-12-22,6485.442260428766
2019-12-23,6518.5393867036155
2019-12-24,6549.929180131279
2019-12-25,6579.710128140732
2019-12-26,6607.973286076106
2019-12-27,6634.802965268304
2019-12-28,6660.277346053307
2019-12-29,6684.469025117696
2019-12-30,6707.445505235568
2019-12-31,6729.269634348783
2020-01-01,6750.0
2020-01-02,6770.177198260754
2020-01-03,6790.2095612284975
2020-01-04,6800.0
2020-01-05,6400.0
2020-01-06,6000.0
2020-01-07,5737.5
2020-01-08,5475.0
2020-01-09,5000.0
2020-01-10,4600.0
2020-01-11,4468.085103666817
2020-01-12,4423.437501464844
2020-01-13,4300.0
2020-01-14,4057.456139081256
2020-01-15,3732.075474308769
2020-01-16,3500.0
2020-01-17,3600.0
2020-01-18,3575.0
2020-01-19,3562.5
2020-01-20,3550.0
2020-01-21,3500.0
2020-01-22,3300.0
2020-01-23,3200.0
2020-01-24,3250.0
2020-01-25,3265.0
2020-01-26,3337.424091461099
2020-01-27,3442.1350274239408
2020-01-28,3515.0
2020-01-29,3508.4778500511184
2020-01-30,3443.8668705055707
2020-01-31,3357.5
2020-02-01,3275.76718800048
2020-02-02,3218.2988820612736
2020-02-03,3200.0
2020-02-04,3215.0
2020-02-05,3200.0
2020-02-06,3000.0
2020-02-07,2985.0
2020-02-08,2970.0
2020-02-09,2785.0
2020-02-10,2600.0
2020-02-11,2625.0
2020-02-12,2630.833333313778
2020-02-13,2600.0
2020-02-14,2450.0
2020-02-15,2300.0
2020-02-16,2286.818181813843
2020-02-17,2280.0
2020-02-18,2275.0
2020-02-19,2200.0
2020-02-20,2100.0
2020-02-21,2050.0
2020-02-22,2060.0
2020-02-23,2047.5641025404339
2020-02-24,2014.5238095034015
2020-02-25,1965.0
2020-02-26,1900.0
2020-02-27,1995.0
2020-02-28,2050.0
2020-02-29,2071.0606060374657
2020-03-01,2075.416666655729
2020-03-02,2075.0
2020-03-03,2070.0
2020-03-04,1975.0
2020-03-05,1970.0
2020-03-06,1985.0
2020-03-07,1900.0
2020-03-08,1886.842102449792
2020-03-09,1925.0
2020-03-10,1958.0985933625523
2020-03-11,1950.0
2020-03-12,1900.0
2020-03-13,2000.0
2020-03-14,1900.0
2020-03-15,1912.5
2020-03-16,1925.0
2020-03-17,1885.0
2020-03-18,1890.0
2020-03-19,1850.0
2020-03-20,1845.0
2020-03-21,1800.0
2020-03-22,1812.5
2020-03-23,1825.0
2020-03-24,1828.5714271657646
2020-03-25,1824.1803264579416
2020-03-26,1815.3984568029223
2020-03-27,1805.0
2020-03-28,1795.1724144173602
2020-03-29,1787.6637563595277
2020-03-30,1783.8877346025258
2020-03-31,1785.0
2020-04-01,1790.0
2020-04-02,1789.999999975
2020-04-03,1785.0
2020-04-04,1775.0
2020-04-05,1756.2499972222283
2020-04-06,1734.0000017777745
2020-04-07,1715.0
2020-04-08,1700.0
2020-04-09,1725.0
2020-04-10,1715.0
2020-04-11,1708.8311681565185
2020-04-12,1706.9565236294914
2020-04-13,1700.0
2020-04-14,1665.2542372752082
2020-04-15,1600.0
2020-04-16,1400.0
2020-04-17,1415.0
2020-04-18,1300.0
2020-04-19,1307.5
2020-04-20,1315.0
2020-04-21,1300.0
2020-04-22,1315.0
2020-04-23,1300.0
2020-04-24,1300.0
2020-04-25,1320.0
2020-04-26,1327.2727272609504
2020-04-27,1300.0
2020-04-28,1100.0
2020-04-29,1125.0
2020-04-30,1050.0
2020-05-01,1025.0
2020-05-02,1050.0
2020-05-03,1060.7142856897958
2020-05-04,1060.0
2020-05-05,1050.0
2020-05-06,1000.0
2020-05-07,1000.0
2020-05-08,1025.0
2020-05-09,1041.839826825794
2020-05-10,1049.597701124693
2020-05-11,1035.0
2020-05-12,985.0
2020-05-13,980.0
2020-05-14,985.0
2020-05-15,980.0
2020-05-16,850.0
2020-05-17,865.0
2020-05-18,875.0
2020-05-19,885.0
2020-05-20,800.0
2020-05-21,815.0
2020-05-22,815.0
2020-05-23,800.0
2020-05-24,785.0
2020-05-25,790.0
2020-05-26,650.0
2020-05-27,665.0
2020-05-28,650.0
2020-05-29,700.0
2020-05-30,750.0
2020-05-31,750.0
2020-06-01,750.0
2020-06-02,750.0
2020-06-03,750.0
2020-06-04,750.0
2020-06-05,800.0
2020-06-06,825.0
2020-06-07,839.99999998125
2020-06-08,835.0
2020-06-09,780.0
2020-06-10,780.0
2020-06-11,850.0
2020-06-12,871.785714262755
2020-06-13,871.8749999868164
2020-06-14,866.9186046456869
2020-06-15,860.0
2020-06-16,850.0
2020-06-17,1045.0
2020-06-18,1050.0
2020-06-19,1075.0
2020-06-20,1124.374997916666
2020-06-21,1191.428574149661
2020-06-22,1240.0
2020-06-23,1250.0
2020-06-24,1200.0
2020-06-25,1225.0
2020-06-26,1200.0
2020-06-27,1900.0
2020-06-28,1612.5
2020-06-29,1325.0
2020-06-30,1300.0
2020-07-01,1325.0
2020-07-02,1300.0
2020-07-03,1275.0
2020-07-04,1290.0
2020-07-05,1285.0
2020-07-06,1280.0
2020-07-07,1285.0
2020-07-08,1291.24999998125
2020-07-09,1300.0
2020-07-10,1315.0
2020-07-11,1322.2727272578513
2020-07-12,1320.882352916263
2020-07-13,1300.0
2020-07-14,1250.0
2020-07-15,1260.0
2020-07-16,1275.0
2020-07-17,1250.0
2020-07-18,1275.0
2020-07-19,1337.5
2020-07-20,1400.0
2020-07-21,1250.0
2020-07-22,1270.0
2020-07-23,1265.0
2020-07-24,1250.0
2020-07-25,1260.0
2020-07-26,1262.5
2020-07-27,1265.0
2020-07-28,1280.0
2020-07-29,1275.0
2020-07-30,1275.0
2020-07-31,1325.0
2020-08-01,1357.692307674556
2020-08-02,1372.8947368171746
2020-08-03,1369.1891891694668
2020-08-04,1345.0
2020-08-05,1300.0
2020-08-06,1240.0
2020-08-07,1245.0
2020-08-08,1250.0
2020-08-09,1225.0
2020-08-10,1200.0
2020-08-11,1245.0
2020-08-12,1250.0
2020-08-13,1240.0
2020-08-14,1265.0
2020-08-15,1261.1249976562503
2020-08-16,1232.5
2020-08-17,1203.8750023437497
2020-08-18,1200.0
2020-08-19,1225.0
2020-08-20,1175.0
2020-08-21,1220.0
2020-08-22,1225.0
2020-08-23,1222.5
2020-08-24,1220.0
2020-08-25,1270.0
2020-08-26,1275.0
2020-08-27,1300.0
2020-08-28,1320.0
2020-08-29,1335.0
2020-08-30,1340.0
2020-08-31,1345.0
2020-09-01,1360.0
2020-09-02,1330.0
2020-09-03,1300.0
2020-09-04,1325.0
2020-09-05,1475.0
2020-09-06,1480.0
2020-09-07,1485.0
2020-09-08,1515.0
2020-09-09,1525.0
2020-09-10,1520.0
2020-09-11,1550.0
2020-09-12,1900.0
2020-09-13,1934.999999991
2020-09-14,1925.0
2020-09-15,1900.0
2020-09-16,1975.0
2020-09-17,2062.5
2020-09-18,2150.0
2020-09-19,2225.0
2020-09-20,2227.5
2020-09-21,2230.0
2020-09-22,2300.0
2020-09-23,2325.0
2020-09-24,2450.0
2020-09-25,2590.0
2020-09-26,2730.0
2020-09-27,2810.3614457611843
2020-09-28,2830.0
2020-09-29,2740.0
2020-09-30,2900.0
2020-10-01,3000.0
2020-10-02,3080.295275566371
2020-10-03,3135.0
2020-10-04,3140.0
2020-10-05,3145.0
2020-10-06,3150.0
2020-10-07,3112.5
2020-10-08,3075.0
2020-10-09,3065.0
2020-10-10,3150.0
2020-10-11,3175.8088235044333
2020-10-12,3145.0
2020-10-13,3060.0
2020-10-14,3050.0
2020-10-15,3045.0
2020-10-16,3050.0
2020-10-17,3075.0
2020-10-18,3080.0
2020-10-19,3085.0
2020-10-20,3525.0
2020-10-21,3600.0
2020-10-22,4825.0
2020-10-23,5100.0
2020-10-24,5212.99999997536
2020-10-25,5233.018867908081
2020-10-26,5223.175182474367
2020-10-27,5200.0
2020-10-28,5144.027776114198
2020-10-29,5052.867386282293
2020-10-30,5000.0
2020-10-31,5050.0
2020-11-01,5000.0
2020-11-02,4950.0
2020-11-03,4900.0
2020-11-04,4850.0
2020-11-05,4797.5
2020-11-06,4745.0
2020-11-07,4735.0
2020-11-08,4703.043248938399
2020-11-09,4600.0
2020-11-10,3800.0
2020-11-11,3780.0
2020-11-12,3747.5
2020-11-13,3715.0
2020-11-14,3704.69387486695
2020-11-15,3699.7549033544806
2020-11-16,3690.0
2020-11-17,3675.0
2020-11-18,3670.0
2020-11-19,3600.0
2020-11-20,3645.0
2020-11-21,3625.0
2020-11-22,3608.035714276148
2020-11-23,3600.0
2020-11-24,3650.0
2020-11-25,3645.0
2020-11-26,3640.0
2020-11-27,3645.0
2020-11-28,3650.0
2020-11-29,3649.586465537277
2020-11-30,3644.5435262192273
2020-12-01,3645.0
2020-12-02,3685.0
2020-12-03,3675.0
2020-12-04,3670.0
2020-12-05,3700.0
2020-12-06,3220.0
2020-12-07,2740.0
2020-12-08,2700.0
2020-12-09,2715.0
2020-12-10,2775.0
2020-12-11,2785.0
2020-12-12,2790.7801418312965
2020-12-13,2791.960784289504
2020-12-14,2780.0
2020-12-15,2745.0
2020-12-16,2740.0
2020-12-17,2750.0
2020-12-18,2745.0
2020-12-19,2750.0
2020-12-20,2755.0
2020-12-21,2760.0
2020-12-22,2550.0
2020-12-23,2545.0
2020-12-24,2500.0
2020-12-25,2495.0
2020-12-26,2400.0
2020-12-27,2237.5
2020-12-28,2075.0
2020-12-29,2070.0
2020-12-30,2000.0
2020-12-31,2020.0
2021-01-01,2000.0
2021-01-02,2000.0
2021-01-03,2000.0
2021-01-04,2000.0
2021-01-05,2000.0
2021-01-06,2035.0
2021-01-07,2025.0
2021-01-08,1945.0
2021-01-09,1893.0147679216234
2021-01-10,1870.132226299178
2021-01-11,1950.0
2021-01-12,2240.0
2021-01-13,2250.0
2021-01-14,2260.0
2021-01-15,2265.0
2021-01-16,2525.0
2021-01-17,2683.209665931574
2021-01-18,2763.0066889407344
2021-01-19,2806.132049503362
2021-01-20,2829.165109026955
2021-01-21,2840.0
2021-01-22,2835.0
2021-01-23,2840.0
2021-01-24,2845.0
2021-01-25,2850.0
2021-01-26,2912.5
2021-01-27,2975.0
2021-01-28,3000.0
2021-01-29,3015.0
2021-01-30,3000.0
2021-01-31,2950.0
2021-02-01,2900.0
2021-02-02,2925.0
2021-02-03,3145.0
2021-02-04,3150.0
2021-02-05,3145.0
2021-02-06,3150.0
2021-02-07,3147.5
2021-02-08,3145.0
2021-02-09,3145.0
2021-02-10,3150.0
2021-02-11,3182.5
2021-02-12,3215.0
2021-02-13,3216.4285700680275
2021-02-14,3196.0000026666658
2021-02-15,3200.0
2021-02-16,3285.0
2021-02-17,3290.0
2021-02-18,3300.0
2021-02-19,3387.5
2021-02-20,3475.0
2021-02-21,3525.0
2021-02-22,3575.0
2021-02-23,3745.0
2021-02-24,3750.0
2021-02-25,3785.0
2021-02-26,3845.0
2021-02-27,3850.0
2021-02-28,3887.5
2021-03-01,3925.0
2021-03-02,3950.0
2021-03-03,3945.0
2021-03-04,3845.0
2021-03-05,3840.0
2021-03-06,3845.0
2021-03-07,3667.2058799211845
2021-03-08,3377.238808475038
2021-03-09,3200.0
2021-03-10,3215.0
2021-03-11,3134.7883597634604
2021-03-12,2950.0
2021-03-13,2650.0
2021-03-14,2647.5
2021-03-15,2645.0
2021-03-16,2535.0
2021-03-17,2300.0
2021-03-18,2300.0
2021-03-19,2100.0
2021-03-20,2175.0
2021-03-21,2192.857142832653
2021-03-22,2165.0
2021-03-23,2100.0
2021-03-24,2115.0
2021-03-25,2100.0
2021-03-26,2100.0
2021-03-27,2100.0
2021-03-28,2101.25065204315
2021-03-29,2104.1614746274677
2021-03-30,2105.0
2021-03-31,1575.0
2021-04-01,1434.8666666546267
2021-04-02,1375.0
2021-04-03,1345.0
2021-04-04,1330.0
2021-04-05,1315.0
2021-04-06,1300.0
2021-04-07,1315.0
2021-04-08,1375.0
2021-04-09,1335.0
2021-04-10,1330.0
2021-04-11,1327.5
2021-04-12,1325.0
2021-04-13,1315.0
2021-04-14,1400.0
2021-04-15,1400.0
2021-04-16,1415.0
2021-04-17,1425.0
2021-04-18,1445.0
2021-04-19,1465.0
2021-04-20,1475.0
2021-04-21,1480.0
2021-04-22,1485.0
2021-04-23,1490.0
2021-04-24,1500.0
2021-04-25,1508.6111086419971
2021-04-26,1516.3888913580029
2021-04-27,1525.0
2021-04-28,1535.0
2021-04-29,1500.0
2021-04-30,1510.0
2021-05-01,1500.0
2021-05-02,1506.0416666557292
2021-05-03,1515.0
2021-05-04,1525.0
2021-05-05,1500.0
2021-05-06,1510.0
2021-05-07,1526.6666666416668
2021-05-08,1550.0
