Market,Arrival Date,Arrivals (Tonnes),Variety,Minimum Price(Rs./Quintal),Maximum Price(Rs./Quintal),Modal Price(Rs./Quintal),
Ambala Cantt.,01/09/2018,12,Apple,3000,6800,5500,
Ambala Cantt.,02/09/2018,15,Apple,3500,6500,5000,
Ambala Cantt.,04/09/2018,12,Apple,3000,7500,4500,
Ambala Cantt.,05/09/2018,9.5,Apple,4000,6800,5500,
Ambala Cantt.,07/09/2018,12,Apple,3500,6500,4500,
Ambala Cantt.,09/09/2018,12,Apple,4000,6500,5500,
Ambala Cantt.,11/09/2018,13.5,Apple,3500,6500,5500,
Ambala Cantt.,12/09/2018,13,Apple,3500,6500,5800,
Ambala Cantt.,13/09/2018,20,Apple,1100,2000,1800,
Ambala Cantt.,14/09/2018,15, ,NR,NR,NR,
Ambala Cantt.,15/09/2018,8,Apple,4000,6500,5000,
Ambala Cantt.,18/09/2018,8,Apple,4000,6000,5600,
Ambala Cantt.,19/09/2018,8,Apple,4000,6000,5500,
Ambala Cantt.,20/09/2018,8.5,Apple,4000,6000,5500,
Ambala Cantt.,21/09/2018,15,Apple,4000,6000,5500,
Ambala Cantt.,22/09/2018,12,Apple,4500,6500,5500,
Ambala Cantt.,23/09/2018,12,Apple,4200,6500,5500,
Ambala Cantt.,26/09/2018,12,Apple,4000,6500,5600,
Ambala Cantt.,27/09/2018,12,Apple,4500,7000,6500,
Ambala Cantt.,28/09/2018,16.5,Apple,4500,6500,5500,
Ambala Cantt.,29/09/2018,12,Apple,4500,7500,5500,
Ambala Cantt.,30/09/2018,12,Apple,4600,7000,5600,
Ambala City,01/09/2018,9.2, ,NR,NR,NR,
Ambala City,02/09/2018,21.2, ,NR,NR,NR,
Ambala City,03/09/2018,26.5,Apple,2000,12300,8500,
Ambala City,04/09/2018,12.9,Apple,2000,6310,4500,
Ambala City,05/09/2018,8.4,Apple,1800,2300,1950,
Asandh,01/09/2018,1.8,Other,2500,5000,4500,
Asandh,02/09/2018,1.4,Other,3500,5000,4800,
Asandh,03/09/2018,1.5,Other,3000,4500,4250,
Asandh,04/09/2018,1.5,Other,3000,4500,4250,
Asandh,05/09/2018,1.8,Other,3200,5000,4800,
Asandh,06/09/2018,3,Other,3000,4500,4200,
Asandh,07/09/2018,3,Other,3200,5000,4500,
Asandh,08/09/2018,2.2,Other,3000,4500,4200,
Asandh,09/09/2018,2.7,Other,3000,4500,4250,
Asandh,10/09/2018,1.9,Other,3000,4500,4200,
Asandh,11/09/2018,2.7,Other,3000,4800,4500,
Asandh,12/09/2018,2.1,Other,2100,5600,5000,
Asandh,13/09/2018,1.7,Other,3000,4500,4200,
Asandh,14/09/2018,1.4,Other,2500,4200,4000,
Asandh,15/09/2018,3.4,Other,3000,4500,4250,
Asandh,16/09/2018,2.7,Other,3000,4200,4000,
Asandh,17/09/2018,3.2,Other,3000,4500,4200,
Asandh,18/09/2018,2,Other,3000,4000,3500,
Asandh,19/09/2018,1.7,Other,3000,5000,4500,
Asandh,20/09/2018,2.3,Other,3000,4200,4000,
Asandh,21/09/2018,1.7,Other,3000,4500,4200,
Asandh,22/09/2018,2.8,Other,3000,4000,3500,
Asandh,23/09/2018,1.7,Other,3000,5000,4500,
Asandh,24/09/2018,1.5,Other,2950,4500,4250,
Asandh,25/09/2018,1.9,Other,3000,4500,4200,
Asandh,26/09/2018,1.3,Other,3000,4500,4250,
Asandh,27/09/2018,2.1,Other,3000,4500,4200,
Asandh,28/09/2018,2.5,Other,3000,4000,3500,
Asandh,29/09/2018,1.3,Other,3000,4500,4400,
Asandh,30/09/2018,2.4,Other,3000,4500,4400,
Ballabhgarh,02/09/2018,2.1,Other,4500,5500,5000,
Ballabhgarh,03/09/2018,0.5,Other,4000,5000,4500,
Ballabhgarh,05/09/2018,1.8,Other,5000,7000,6000,
Ballabhgarh,08/09/2018,0.6,Other,5500,7500,6500,
Ballabhgarh,09/09/2018,2,Other,2000,3500,3000,
Ballabhgarh,10/09/2018,0.4,Other,2500,4000,3500,
Ballabhgarh,11/09/2018,3,Other,2000,5500,4000,
Ballabhgarh,12/09/2018,3.6,Other,2500,6000,3500,
Ballabhgarh,13/09/2018,1.9,Other,3500,5000,4500,
Ballabhgarh,14/09/2018,0.8,Other,4000,5000,4500,
Ballabhgarh,15/09/2018,2.8,Other,2500,5000,4000,
Ballabhgarh,16/09/2018,1.2,Other,4000,6000,5000,
Ballabhgarh,17/09/2018,3.6,Other,3000,4000,3500,
Ballabhgarh,18/09/2018,0.5,Other,5000,6000,5500,
Ballabhgarh,19/09/2018,4.2,Other,3000,5000,4000,
Ballabhgarh,20/09/2018,1,Other,4000,5500,5000,
Ballabhgarh,21/09/2018,4,Other,1500,5000,3500,
Ballabhgarh,22/09/2018,0.9,Other,4000,5000,4500,
Ballabhgarh,23/09/2018,0.9,Other,4000,5000,4500,
Ballabhgarh,24/09/2018,2.5,Other,1500,4000,3000,
Ballabhgarh,25/09/2018,2.4,Other,1500,5000,3500,
Ballabhgarh,26/09/2018,2.3,Other,2000,5500,4000,
Ballabhgarh,27/09/2018,3.7,Other,2000,5000,4000,
Ballabhgarh,28/09/2018,2.1,Other,2000,5000,3000,
Ballabhgarh,29/09/2018,2.4,Other,2000,6000,4000,
Ballabhgarh,30/09/2018,2.4,Other,2000,5500,4000,
Barara,01/09/2018,0.2,Apple,6000,9000,6000,
Barara,03/09/2018,0.2,Apple,6000,9000,6000,
Barara,04/09/2018,0.2,Apple,6000,9000,6000,
Barara,05/09/2018,0.2,Apple,4000,8000,4000,
Barara,06/09/2018,0.2,Apple,4000,8000,4000,
Barara,07/09/2018,0.2,Apple,5000,8000,5000,
Barara,08/09/2018,0.2,Apple,4000,8000,4000,
Barara,10/09/2018,0.2,Apple,6000,9000,6000,
Barara,11/09/2018,0.2,Apple,6000,9000,6000,
Barara,12/09/2018,0.2,Apple,6000,9000,6000,
Barara,13/09/2018,0.2,Apple,5000,10000,5000,
Barara,14/09/2018,0.2,Apple,7000,10000,7000,
Barara,15/09/2018,0.2,Apple,7000,10000,7000,
Barara,17/09/2018,0.2,Apple,7000,11000,7000,
Barara,18/09/2018,0.2,Apple,7000,10000,7000,
Barara,20/09/2018,0.2,Apple,7000,9000,7000,
Barara,21/09/2018,0.2,Apple,6000,8000,6000,
Barara,22/09/2018,0.2,Apple,6000,8000,6000,
Barara,24/09/2018,0.2,Apple,7000,9000,7000,
Barara,25/09/2018,0.2,Apple,7000,10000,7000,
Barara,27/09/2018,0.2,Apple,6000,10000,6000,
Barwala(Hisar),03/09/2018,13,Other,5000,6000,5500,
Barwala(Hisar),04/09/2018,18,Other,5000,7000,7000,
Barwala(Hisar),05/09/2018,17,Other,6000,6500,6500,
Barwala(Hisar),06/09/2018,12,Other,5000,6000,6000,
Barwala(Hisar),07/09/2018,19,Other,3000,7000,5000,
Barwala(Hisar),08/09/2018,32,Other,3000,5000,5000,
Barwala(Hisar),09/09/2018,32,Other,3200,5000,5000,
Barwala(Hisar),10/09/2018,31,Other,3000,5500,4500,
Barwala(Hisar),11/09/2018,33,Other,1600,5000,2500,
Barwala(Hisar),12/09/2018,25,Other,1600,4500,4000,
Barwala(Hisar),13/09/2018,37,Other,2000,6000,4500,
Barwala(Hisar),14/09/2018,44,Other,2500,4500,4000,
Barwala(Hisar),15/09/2018,46,Other,2000,4000,3000,
Barwala(Hisar),16/09/2018,63,Other,1800,5000,4500,
Barwala(Hisar),17/09/2018,46,Other,2500,5000,4500,
Barwala(Hisar),18/09/2018,48,Other,2000,5000,4000,
Barwala(Hisar),19/09/2018,70,Other,2000,4000,3500,
Barwala(Hisar),20/09/2018,50, ,NR,NR,NR,
Barwala(Hisar),21/09/2018,60,Other,3000,4000,3500,
Barwala(Hisar),22/09/2018,45,Other,3000,4500,3500,
Barwala(Hisar),23/09/2018,51,Other,1800,4000,2500,
Barwala(Hisar),24/09/2018,38,Other,3500,4000,4000,
Barwala(Hisar),26/09/2018,35,Other,2000,4500,4000,
Barwala(Hisar),27/09/2018,80,Other,2500,3500,3000,
Barwala(Hisar),28/09/2018,74,Other,3500,5000,4000,
Barwala(Hisar),29/09/2018,82,Other,4000,5000,4500,
Bhiwani,23/09/2018,7.5, ,NR,NR,NR,
Bhiwani,25/09/2018,1510, ,NR,NR,NR,
Bhiwani,26/09/2018,1360,Apple,1500,5700,3600,
Bhiwani,28/09/2018,118, ,NR,NR,NR,
Bhiwani,29/09/2018,303,Apple,2000,5300,3650,
Ch. Dadri,01/09/2018,15,Other,4000,5000,4500,
Ch. Dadri,02/09/2018,32,Other,4000,4500,4200,
Ch. Dadri,03/09/2018,40,Other,4000,6000,5000,
Ch. Dadri,04/09/2018,40,Other,4000,6000,5000,
Ch. Dadri,05/09/2018,41,Other,4000,4500,4200,
Ch. Dadri,06/09/2018,35,Other,4000,5000,4500,
Ch. Dadri,07/09/2018,30,Other,4000,5000,4500,
Ch. Dadri,08/09/2018,45,Other,4000,5000,4500,
Ch. Dadri,09/09/2018,35,Other,4000,5000,4500,
Ch. Dadri,10/09/2018,40,Other,4000,5000,4500,
Ch. Dadri,11/09/2018,60,Other,4000,5000,4500,
Ch. Dadri,12/09/2018,60,Other,3000,5000,4000,
Ch. Dadri,13/09/2018,28,Other,4000,5000,4500,
Ch. Dadri,14/09/2018,22,Other,4000,5000,4500,
Ch. Dadri,15/09/2018,90,Other,3000,5000,4500,
Ch. Dadri,16/09/2018,60,Other,4000,5000,4500,
Ch. Dadri,17/09/2018,70,Other,3000,4000,3500,
Ch. Dadri,18/09/2018,65,Other,3000,5000,3500,
Ch. Dadri,19/09/2018,80,Other,4000,5000,4500,
Ch. Dadri,20/09/2018,70,Other,3000,5000,3800,
Ch. Dadri,21/09/2018,30,Other,3000,5000,4000,
Ch. Dadri,22/09/2018,40,Other,3000,5000,4000,
Ch. Dadri,23/09/2018,27,Other,3000,5000,3500,
Ch. Dadri,24/09/2018,140,Other,3000,5000,4300,
Ch. Dadri,25/09/2018,204, ,NR,NR,NR,
Ch. Dadri,26/09/2018,40,Other,3000,5000,3500,
Ch. Dadri,27/09/2018,120,Other,3000,4000,3500,
Ch. Dadri,28/09/2018,50,Other,3000,5000,4000,
Ch. Dadri,29/09/2018,130,Other,3100,5000,3500,
Ch. Dadri,30/09/2018,30,Other,3000,5000,3500,
Cheeka,05/09/2018,2.8,Other,3000,4000,4000,
Cheeka,06/09/2018,0.02,Other,4000,4000,4000,
Cheeka,08/09/2018,3.1,Other,4000,5000,4500,
Cheeka,10/09/2018,1.9,Other,4000,5000,5000,
Cheeka,11/09/2018,3.7,Other,3000,5000,4800,
Cheeka,12/09/2018,0.04,Other,4000,4000,4000,
Cheeka,13/09/2018,0.02,Other,5000,5000,5000,
Cheeka,15/09/2018,7.6,Other,4000,5500,5000,
Cheeka,16/09/2018,0.05,Other,4000,5000,5000,
Cheeka,17/09/2018,1,Other,5000,5000,5000,
Cheeka,18/09/2018,1.7,Other,4000,5000,5000,
Cheeka,19/09/2018,3.9,Other,4000,5000,5000,
Cheeka,20/09/2018,1.6,Other,4000,5000,5000,
Cheeka,21/09/2018,6.2,Other,5000,5000,5000,
Cheeka,22/09/2018,4.7,Other,4000,5000,5000,
Cheeka,23/09/2018,0.02,Other,4000,4000,4000,
Cheeka,24/09/2018,10,Other,4500,5000,4800,
Cheeka,25/09/2018,0.03,Other,4000,4000,4000,
Cheeka,26/09/2018,1.8,Other,4000,5000,5000,
Cheeka,28/09/2018,5.5,Other,4000,4500,4500,
Cheeka,29/09/2018,14,Other,4500,5000,5000,
Dhand,01/09/2018,0.4,Other,2000,2500,2400,
Dhand,19/09/2018,0.4, ,NR,NR,NR,
Dhand,25/09/2018,95,Other,1751,2505,2500,
Faridabad,01/09/2018,35,Other,3000,8000,5500,
Faridabad,02/09/2018,40,Other,3000,8000,5500,
Faridabad,03/09/2018,30,Other,2500,8000,5250,
Faridabad,04/09/2018,15,Other,3000,7000,5000,
Faridabad,05/09/2018,24,Other,3000,7000,5000,
Faridabad,06/09/2018,16,Other,4000,7000,5500,
Faridabad,08/09/2018,20,Other,3000,6000,4500,
Faridabad,09/09/2018,12,Other,3000,6000,5000,
Faridabad,10/09/2018,13,Other,1500,7000,4250,
Faridabad,11/09/2018,20,Other,1500,6000,3750,
Faridabad,12/09/2018,20,Other,1800,7000,4400,
Faridabad,13/09/2018,20,Other,1500,5000,3500,
Faridabad,14/09/2018,35,Other,1500,5000,3250,
Faridabad,15/09/2018,40,Other,1500,5000,3250,
Faridabad,16/09/2018,70,Other,1500,5000,3250,
Faridabad,17/09/2018,300,Other,1200,5000,3250,
Faridabad,18/09/2018,55,Other,1200,5000,3250,
Faridabad,19/09/2018,60,Other,1200,5000,3250,
Faridabad,20/09/2018,90,Other,1200,6000,3250,
Faridabad,21/09/2018,25,Other,1500,5500,3250,
Faridabad,22/09/2018,40,Other,1200,6000,3600,
Faridabad,23/09/2018,35,Other,2000,5000,3500,
Faridabad,24/09/2018,80,Other,1300,5000,3150,
Faridabad,25/09/2018,70,Other,1500,6000,3750,
Faridabad,26/09/2018,500,Other,2500,4500,3500,
Faridabad,27/09/2018,55,Other,2500,5000,3750,
Faridabad,28/09/2018,100,Other,1500,6000,3750,
Faridabad,29/09/2018,65,Other,1500,6500,3250,
Faridabad,30/09/2018,70,Other,1500,5000,3250,
Fatehabad,02/09/2018,6,Other,2400,6000,5000,
Fatehabad,03/09/2018,6.2,Other,2500,6000,5000,
Fatehabad,04/09/2018,3.8,Other,2200,6000,5000,
Fatehabad,05/09/2018,18,Other,2000,6000,4000,
Fatehabad,06/09/2018,4.8,Other,2000,6000,4000,
Fatehabad,07/09/2018,6,Other,2000,6500,5000,
Fatehabad,08/09/2018,0.6,Other,4500,6500,5000,
Fatehabad,09/09/2018,3.8,Other,4000,6500,5000,
Fatehabad,10/09/2018,9,Other,2000,6000,5000,
Fatehabad,11/09/2018,9,Other,2000,6500,6500,
Fatehabad,12/09/2018,9,Other,2500,6000,2500,
Fatehabad,13/09/2018,6.2,Other,2000,6500,5000,
Fatehabad,14/09/2018,8,Other,2000,6500,5000,
Fatehabad,15/09/2018,8.5,Other,2000,6500,5000,
Fatehabad,16/09/2018,2.8,Other,2000,4500,4000,
Fatehabad,17/09/2018,6.5,Other,2000,6000,4000,
Fatehabad,18/09/2018,9,Other,3000,6000,5000,
Fatehabad,19/09/2018,7,Other,2200,6000,5000,
Fatehabad,20/09/2018,16.8,Other,1800,8000,5000,
Fatehabad,21/09/2018,15,Other,2000,6000,2000,
Fatehabad,22/09/2018,15,Other,2000,6000,2000,
Fatehabad,23/09/2018,9,Other,2500,5500,2500,
Fatehabad,24/09/2018,7,Other,2500,6000,3000,
Fatehabad,25/09/2018,7,Other,2000,6000,2000,
Fatehabad,26/09/2018,6.5,Other,2500,5500,5000,
Fatehabad,27/09/2018,9.5,Other,2000,4500,4000,
Fatehabad,28/09/2018,6,Other,2500,5000,2500,
Fatehabad,29/09/2018,6.5,Other,1500,4500,3000,
Fatehabad,30/09/2018,6.8,Other,2500,4500,4000,
Ganaur,01/09/2018,0.2,Apple,7000,9000,8000,
Ganaur,03/09/2018,0.1,Apple,8000,9000,8500,
Ganaur,04/09/2018,0.2,Apple,8000,9000,8500,
Ganaur,06/09/2018,0.1, ,NR,NR,NR,
Ganaur,07/09/2018,0.2, ,NR,NR,NR,
Ganaur,08/09/2018,0.1,Apple,8000,9000,8500,
Ganaur,11/09/2018,0.1,Apple,8000,8000,8000,
Ganaur,12/09/2018,0.3,Apple,6000,8000,7000,
Ganaur,13/09/2018,0.1,Apple,8000,8000,8000,
Ganaur,15/09/2018,0.1,Apple,6000,8000,7000,
Ganaur,16/09/2018,0.1,Apple,7000,8000,7500,
Ganaur,17/09/2018,0.1,Apple,8000,8000,8000,
Ganaur,18/09/2018,0.1,Apple,6000,8000,7000,
Ganaur,19/09/2018,0.3,Apple,6000,8000,7000,
Ganaur,21/09/2018,0.2,Apple,6000,8000,7000,
Ganaur,25/09/2018,0.1,Apple,8000,9000,8500,
Ganaur,26/09/2018,0.2,Apple,8000,9000,8500,
Ganaur,27/09/2018,0.1,Apple,6000,8000,7000,
Ganaur,28/09/2018,0.2,Apple,6000,8000,7000,
Gharaunda,03/09/2018,2.4,Other,6000,6000,6000,
Gharaunda,10/09/2018,2.4,Other,6000,6000,6000,
Gharaunda,17/09/2018,2.4,Other,4500,4500,4500,
Gharaunda,24/09/2018,2.4,Other,4500,4500,4500,
Gohana,01/09/2018,2.2,Apple,5000,6200,5000,
Gohana,04/09/2018,0.22,Apple,5000,6000,5000,
Gohana,05/09/2018,2.2,Apple,5000,6200,5000,
Gohana,10/09/2018,2.2,Apple,5000,6200,5000,
Gohana,11/09/2018,2.2,Apple,5000,6200,5000,
Gohana,13/09/2018,2.2,Apple,5000,6200,5000,
Gohana,14/09/2018,2.2,Apple,5000,6200,5000,
Gohana,15/09/2018,2.2,Apple,5000,6200,5000,
Gohana,17/09/2018,2.2,Apple,5000,6200,5000,
Gohana,19/09/2018,2.2,Apple,5000,6200,5000,
Gohana,20/09/2018,2.2,Apple,5000,6200,5000,
Gohana,21/09/2018,2.2, ,NR,NR,NR,
Gohana,27/09/2018,3,Apple,3000,5000,3000,
Gohana,28/09/2018,3,Apple,3000,5000,3000,
Gohana,29/09/2018,3,Apple,3000,5000,3000,
Gurgaon,05/09/2018,13,Other,7000,11000,9000,
Gurgaon,06/09/2018,14.7,Other,7000,11000,9000,
Gurgaon,07/09/2018,22.1,Other,7000,10000,8500,
Gurgaon,14/09/2018,22.6, ,NR,NR,NR,
Gurgaon,15/09/2018,19.4,Other,7000,11000,9000,
Gurgaon,16/09/2018,20,Other,7000,11000,9000,
Gurgaon,17/09/2018,31,Other,7000,11000,9000,
Gurgaon,18/09/2018,13.5,Other,7000,11000,9000,
Gurgaon,19/09/2018,18.2,Other,6000,11000,8500,
Hansi,04/09/2018,2.2,Other,4950,5000,4980,
Hansi,05/09/2018,2.6,Other,4950,5000,4980,
Hansi,10/09/2018,4.9,Other,4950,5000,4980,
Hansi,11/09/2018,15,Other,1350,1400,1380,
Hansi,12/09/2018,3.1,Other,4950,5000,4980,
Hansi,13/09/2018,3.2,Other,4950,5000,4980,
Hansi,14/09/2018,8.6,Other,1350,1400,1380,
Hansi,17/09/2018,4.7,Other,4950,5000,4980,
Hansi,18/09/2018,6.8,Other,4950,5000,4980,
Hansi,19/09/2018,5.2,Other,4950,5000,4980,
Hansi,20/09/2018,4.1,Other,4950,5000,4980,
Hansi,21/09/2018,5.2,Other,4950,5000,4980,
Hansi,25/09/2018,4.6,Other,4950,5000,4980,
Hansi,26/09/2018,7.8,Other,4950,5000,4980,
Hansi,27/09/2018,4.8,Other,4950,5000,4980,
Hansi,28/09/2018,8.5,Other,4950,5000,4980,
Hissar,05/09/2018,18.3,Other,4000,8000,6000,
Hissar,10/09/2018,44.8,Other,3300,6000,5500,
Hissar,13/09/2018,48.2,Other,600,900,800,
Hissar,13/09/2018,48.2,Other,2000,8000,4520,
Hissar,17/09/2018,59.5,Other,1800,6000,4200,
Hissar,19/09/2018,66.8,Other,2800,6000,4200,
Hissar,22/09/2018,56,Other,2000,5200,4000,
Hissar,24/09/2018,106.2,Other,1400,5500,4200,
Hissar,26/09/2018,33.1,Other,1400,5800,4600,
Iamailabad,01/09/2018,0.03,Apple,5000,7500,6500,
Iamailabad,03/09/2018,0.03,Apple,5500,6520,6000,
Iamailabad,04/09/2018,0.03,Apple,5500,6500,6000,
Iamailabad,05/09/2018,0.03,Apple,6000,7500,7000,
Iamailabad,06/09/2018,0.04,Apple,6580,7520,7250,
Iamailabad,07/09/2018,0.03,Apple,7000,7500,7200,
Iamailabad,08/09/2018,0.04,Apple,6580,7200,7010,
Iamailabad,09/09/2018,0.03,Apple,4550,7000,6500,
Iamailabad,10/09/2018,0.03, ,NR,NR,NR,
Iamailabad,11/09/2018,0.03,Apple,4000,6500,5000,
Iamailabad,12/09/2018,0.03,Apple,4500,6500,5500,
Iamailabad,18/09/2018,0.03,Apple,6500,7500,7000,
Iamailabad,22/09/2018,0.03,Apple,6500,7500,7000,
Iamailabad,23/09/2018,0.04,Apple,6500,8500,7500,
Iamailabad,24/09/2018,0.03,Apple,4500,6500,5500,
Iamailabad,25/09/2018,0.03,Apple,4500,6500,5500,
Iamailabad,26/09/2018,0.03,Apple,3500,5000,4500,
Iamailabad,27/09/2018,0.03,Apple,4500,6500,5500,
Iamailabad,28/09/2018,0.03,Apple,5500,7000,6500,
Iamailabad,29/09/2018,0.03,Apple,4500,6000,5650,
Iamailabad,30/09/2018,0.03,Apple,5500,6510,6500,
Jagadhri,01/09/2018,1.5,Other,3000,8000,8000,
Jagadhri,02/09/2018,1.2,Other,3000,8000,8000,
Jagadhri,03/09/2018,1.4,Other,3000,8000,8000,
Jagadhri,06/09/2018,2.5,Other,3000,8000,8000,
Jagadhri,08/09/2018,2.5,Other,3000,7000,7000,
Jagadhri,09/09/2018,3.5,Other,3000,7000,7000,
Jagadhri,10/09/2018,2.5,Other,3000,7000,7000,
Jagadhri,11/09/2018,2.8,Other,3000,7000,7000,
Jagadhri,12/09/2018,3.5,Other,3000,7500,7500,
Jagadhri,13/09/2018,3.9,Other,3000,6500,6500,
Jagadhri,14/09/2018,3.4,Other,3000,7000,7000,
Jagadhri,15/09/2018,2.5,Other,3000,6500,6500,
Jagadhri,16/09/2018,2.4,Other,3000,7000,7000,
Jagadhri,17/09/2018,2,Other,3500,8000,8000,
Jagadhri,19/09/2018,3.5,Other,3000,7000,7000,
Jagadhri,20/09/2018,3.4,Other,3000,7000,7000,
Jagadhri,21/09/2018,3.4,Other,3000,7000,7000,
Jagadhri,22/09/2018,3.4,Other,3000,7000,7000,
Jagadhri,25/09/2018,3.5,Other,3500,7000,7000,
Jagadhri,26/09/2018,3.5,Other,3000,7000,7000,
Jagadhri,28/09/2018,3.1,Other,3000,7000,7000,
Jagadhri,29/09/2018,3.5,Other,3000,7000,7000,
Jhajjar,01/09/2018,7.4,Other,2000,5000,5000,
Jhajjar,04/09/2018,2,Other,3000,5200,5200,
Jhajjar,05/09/2018,3.8,Other,3000,8000,8000,
Jhajjar,07/09/2018,3.5,Other,2500,4500,4500,
Jhajjar,10/09/2018,0.5,Other,5000,6000,6000,
Jhajjar,11/09/2018,7.6,Other,2600,6500,6500,
Jhajjar,12/09/2018,3.3,Other,1500,6000,6000,
Jhajjar,14/09/2018,6,Other,1400,5500,5500,
Jhajjar,17/09/2018,6.9,Other,1000,5000,5000,
Jhajjar,19/09/2018,6.6,Other,1500,6000,6000,
Jind,01/09/2018,3,Other,3500,8000,6000,
Jind,02/09/2018,2.5,Other,4000,8000,6000,
Jind,03/09/2018,7.7,Other,4000,8000,5500,
Jind,05/09/2018,4,Other,3000,6000,4500,
Jind,06/09/2018,3,Other,3000,6000,5500,
Jind,09/09/2018,3,Other,1500,6000,4500,
Jind,10/09/2018,5,Other,1500,6000,4000,
Jind,16/09/2018,12,Other,1500,6000,3500,
Jind,17/09/2018,6,Other,1500,6000,3500,
Jind,18/09/2018,9.6,Other,1500,6000,3500,
Jind,19/09/2018,34.5,Other,1500,6000,3000,
Jind,20/09/2018,8.5,Other,1500,6000,3500,
Jind,21/09/2018,10.7,Other,1500,5500,3400,
Jind,22/09/2018,8.6,Other,1500,6000,3500,
Jind,24/09/2018,4,Other,1500,6000,3500,
Jind,25/09/2018,12.1,Other,1500,6000,3500,
Jind,26/09/2018,7.5,Other,1500,6000,4500,
Jind,27/09/2018,8.5,Other,1500,6000,4500,
Jind,28/09/2018,8.5,Other,1500,5000,3500,
Kaithal,12/09/2018,72, ,NR,NR,NR,
Kaithal,13/09/2018,64,American,4000,4800,4500,
Kaithal,14/09/2018,90,American,3800,4800,4500,
kalanwali,01/09/2018,0.8,Other,3000,3500,3500,
kalanwali,02/09/2018,1,Other,3000,3500,3100,
kalanwali,03/09/2018,1,Other,2500,3000,3000,
kalanwali,05/09/2018,1.1,Other,2000,3500,3500,
kalanwali,06/09/2018,1,Other,3000,3000,3000,
kalanwali,07/09/2018,1.4,Other,2000,3500,2500,
kalanwali,08/09/2018,1.2,Other,2500,3000,3000,
kalanwali,09/09/2018,1.2,Other,2500,3000,3000,
kalanwali,10/09/2018,1,Other,3000,3000,3000,
kalanwali,11/09/2018,1.7,Other,1800,3000,3000,
kalanwali,12/09/2018,1,Other,3000,3000,3000,
kalanwali,13/09/2018,1,Other,3000,3000,3000,
kalanwali,14/09/2018,1.7,Other,2000,2500,2500,
kalanwali,15/09/2018,0.6,Other,3000,3000,3000,
kalanwali,16/09/2018,1.4,Other,1500,3000,3000,
kalanwali,17/09/2018,1.4,Other,2500,4000,4000,
kalanwali,18/09/2018,1.3,Other,2500,3000,3000,
kalanwali,19/09/2018,1.3,Other,1500,3000,1800,
kalanwali,20/09/2018,1.4,Other,2500,3500,3000,
kalanwali,21/09/2018,1,Other,2500,3000,3000,
kalanwali,22/09/2018,0.5,Other,2500,3000,3000,
kalanwali,23/09/2018,1,Other,2500,3000,3000,
kalanwali,24/09/2018,1,Other,2500,3000,3000,
kalanwali,25/09/2018,1.2,Other,2500,3500,3500,
kalanwali,27/09/2018,1.1,Other,2500,3000,3000,
kalanwali,28/09/2018,1.1,Other,2500,3000,3000,
kalanwali,29/09/2018,1.7,Other,2500,3000,3000,
Khanina,14/09/2018,0.4,Other,5500,5500,5500,
Khanina,15/09/2018,0.4,Other,5800,5800,5800,
Khanina,16/09/2018,0.2,Other,5000,5000,5000,
Khanina,17/09/2018,0.2,Other,5400,5400,5400,
Khanina,18/09/2018,0.2,Other,5600,5600,5600,
Khanina,19/09/2018,0.5,Other,5500,5500,5500,
Khanina,20/09/2018,0.5,Other,6000,6000,6000,
Khanina,21/09/2018,0.5,Other,6000,6000,6000,
Khanina,22/09/2018,0.5,Other,5500,5500,5500,
Khanina,23/09/2018,0.5,Other,7000,7000,7000,
Khanina,24/09/2018,0.5,Other,6000,6000,6000,
Khanina,25/09/2018,0.4,Other,6500,6500,6500,
Khanina,26/09/2018,0.3,Other,6000,6000,6000,
Ladwa,01/09/2018,1.7,Apple,6000,7000,6200,
Ladwa,02/09/2018,1.8,Apple,6000,7000,6200,
Ladwa,03/09/2018,2.2,Apple,6000,7000,6200,
Ladwa,04/09/2018,1.8,Apple,6000,7000,6200,
Ladwa,05/09/2018,1.8,Apple,6000,7000,6200,
Ladwa,06/09/2018,1.6,Apple,6000,7000,6200,
Ladwa,07/09/2018,1.8,Apple,6000,7000,6200,
Ladwa,08/09/2018,1.6,Apple,6000,7000,6200,
Ladwa,09/09/2018,1.8,Apple,6000,7000,6200,
Ladwa,10/09/2018,1.6,Apple,6000,7000,6200,
Ladwa,11/09/2018,1.9,Apple,2200,2500,2200,
Ladwa,12/09/2018,1.6,Apple,6000,7000,6200,
Ladwa,13/09/2018,1.8,Apple,6000,7000,6200,
Ladwa,14/09/2018,1.8,Apple,6000,7000,6200,
Ladwa,15/09/2018,1.7,Apple,6000,7000,6200,
Ladwa,16/09/2018,1.5,Apple,5000,7000,6500,
Ladwa,17/09/2018,1.3,Apple,6000,7000,6500,
Ladwa,18/09/2018,1.8,Apple,6000,7000,6200,
Ladwa,19/09/2018,1.6,Apple,6000,7000,6200,
Ladwa,20/09/2018,1.9,Apple,6000,7000,6200,
Ladwa,21/09/2018,1,Apple,6000,7000,6300,
Ladwa,22/09/2018,2,Apple,6000,7000,6200,
Ladwa,23/09/2018,1.3,Apple,6000,7000,6200,
Ladwa,24/09/2018,1.4,Apple,6000,7000,6200,
Ladwa,25/09/2018,1.2,Apple,6000,7000,6200,
Ladwa,26/09/2018,1.3,Apple,6000,7000,6200,
Madlauda,13/09/2018,0.1,Other,7000,7000,7000,
Madlauda,14/09/2018,0.1,Other,7000,7000,7000,
Madlauda,15/09/2018,0.1,Other,7000,7000,7000,
Madlauda,17/09/2018,0.1,Other,6500,6500,6500,
Meham,01/09/2018,0.6,Apple,5000,6000,5500,
Meham,03/09/2018,0.3,Apple,6000,6000,6000,
Meham,04/09/2018,0.5,Apple,5000,6000,5500,
Meham,05/09/2018,0.3,Apple,5000,5000,5000,
Meham,06/09/2018,0.6,Apple,5000,6000,5500,
Meham,07/09/2018,0.3,Apple,5000,5000,5000,
Meham,08/09/2018,0.5,Apple,5000,6000,5500,
Meham,10/09/2018,0.2,Apple,5000,5000,5000,
Meham,11/09/2018,0.8,Apple,5000,6000,5500,
Meham,12/09/2018,0.4,Apple,5000,5000,5000,
Meham,13/09/2018,0.4,Apple,5000,5000,5000,
Meham,14/09/2018,0.4,Apple,5000,5000,5000,
Meham,15/09/2018,0.4,Apple,4000,4000,4000,
Meham,17/09/2018,0.3,Apple,5000,5000,5000,
Meham,18/09/2018,1,Apple,4000,5000,4500,
Meham,19/09/2018,0.3,Apple,5000,5000,5000,
Meham,20/09/2018,0.8,Apple,2500,3000,2700,
Meham,21/09/2018,0.4,Apple,3000,3000,3000,
Meham,22/09/2018,0.8,Apple,2500,3000,2700,
Meham,24/09/2018,0.4,Apple,2500,2500,2500,
Meham,25/09/2018,0.8,Apple,2500,3000,2700,
Meham,26/09/2018,0.4,Apple,2500,2500,2500,
Meham,27/09/2018,0.8,Apple,2500,3000,2700,
Meham,28/09/2018,0.4,Apple,2500,2500,2500,
Meham,29/09/2018,0.8,Apple,2500,3000,2700,
Mohindergarh,01/09/2018,3.5,Apple,4000,5000,5000,
Mohindergarh,02/09/2018,2.5,Apple,3500,5000,4000,
Mohindergarh,03/09/2018,3,Apple,4500,6000,5000,
Mohindergarh,04/09/2018,3.3,Apple,4000,5000,4500,
Mohindergarh,05/09/2018,8.5,Apple,4200,7000,5000,
Mohindergarh,06/09/2018,3.8,Apple,3500,5000,4500,
Mohindergarh,07/09/2018,5.5,Apple,1800,5000,4500,
Mohindergarh,08/09/2018,4.9,Apple,3000,5500,5000,
Mohindergarh,10/09/2018,1.5,Apple,5000,5000,5000,
Mohindergarh,11/09/2018,5.6,Apple,2000,6000,5000,
Mohindergarh,12/09/2018,4.5,Apple,2500,5000,4000,
Mohindergarh,13/09/2018,5.1,Apple,4000,5000,4500,
Mohindergarh,14/09/2018,7,Apple,4500,6000,5000,
Mohindergarh,15/09/2018,3.1,Apple,3500,6000,5000,
Mohindergarh,16/09/2018,3.1,Apple,3500,6000,4000,
Mohindergarh,17/09/2018,5.1,Apple,4500,6000,5000,
Mohindergarh,18/09/2018,6.2,Apple,4000,5000,4500,
Mohindergarh,19/09/2018,7.1,Apple,4000,5000,4500,
Mohindergarh,20/09/2018,10.1,Apple,3000,5000,4000,
Mohindergarh,21/09/2018,8.3,Apple,3200,5000,4000,
Mohindergarh,22/09/2018,5.5,Apple,4000,5000,5000,
Mohindergarh,23/09/2018,7,Apple,3000,5000,4000,
Mohindergarh,24/09/2018,4.5,Apple,4000,6000,5000,
Mohindergarh,25/09/2018,7.3,Apple,4000,5000,4500,
Mohindergarh,26/09/2018,9.3,Apple,2200,5000,4500,
Mohindergarh,27/09/2018,8.8,Apple,2500,5000,5000,
Mohindergarh,28/09/2018,12,Apple,2200,5000,4500,
Mohindergarh,29/09/2018,8,Apple,2000,6000,5000,
Mohindergarh,30/09/2018,14,Apple,2000,5000,4200,
Naraingarh,01/09/2018,8.14, ,NR,NR,NR,
Naraingarh,03/09/2018,3.34,Other,1500,3200,2500,
Naraingarh,04/09/2018,6.47,Other,3500,5000,4500,
Naraingarh,05/09/2018,2.1, ,NR,NR,NR,
Naraingarh,06/09/2018,0.6,Other,1000,1000,1000,
Naraingarh,07/09/2018,4.24,Other,4000,4000,4000,
Naraingarh,08/09/2018,6.9,Other,2800,3500,3000,
Naraingarh,08/09/2018,6.9,Other,4000,5000,4500,
Naraingarh,08/09/2018,6.9,Other,7000,7000,7000,
Naraingarh,10/09/2018,2.05,Other,5000,5000,5000,
Naraingarh,11/09/2018,5.84,Other,2900,3900,3500,
Naraingarh,11/09/2018,5.84,Other,5000,5400,5100,
Naraingarh,12/09/2018,6.94,Other,2500,3300,3200,
Naraingarh,12/09/2018,6.94,Other,5000,6000,5500,
Naraingarh,13/09/2018,7.95,Other,1500,3000,2500,
Naraingarh,13/09/2018,7.95,Other,3300,4500,3500,
Naraingarh,13/09/2018,7.95,Other,6000,6000,6000,
Naraingarh,14/09/2018,4.06,Other,2000,2000,2000,
Naraingarh,14/09/2018,4.06,Other,4000,4500,4400,
Naraingarh,14/09/2018,4.06,Other,5500,6000,5600,
Naraingarh,15/09/2018,3.2,Other,2000,2500,2300,
Naraingarh,15/09/2018,3.2,Other,3800,3800,3800,
Naraingarh,17/09/2018,2.13,Other,1500,2000,1750,
Naraingarh,17/09/2018,2.13,Other,4000,4500,4300,
Naraingarh,18/09/2018,10.38,Other,2500,2700,2500,
Naraingarh,18/09/2018,10.38,Other,4000,5700,4500,
Naraingarh,19/09/2018,1.82,Other,5500,5500,5500,
Naraingarh,20/09/2018,2,Other,4000,4000,4000,
Naraingarh,21/09/2018,12.03,Other,4000,5000,4800,
Naraingarh,22/09/2018,0.5,Other,5000,5000,5000,
Naraingarh,24/09/2018,0.5,Other,5000,5000,5000,
Naraingarh,25/09/2018,5.28,Other,5000,5200,5100,
Naraingarh,26/09/2018,9.8,Other,4000,5000,4200,
Naraingarh,27/09/2018,2.75,Other,4000,5000,4800,
Naraingarh,28/09/2018,11.46,Other,2700,3700,3000,
Naraingarh,28/09/2018,11.46,Other,4400,5000,4800,
Naraingarh,28/09/2018,11.46,Other,6000,6200,6200,
Naraingarh,29/09/2018,2.45,Other,4000,4000,4000,
Narnaul,06/09/2018,0.5,Other,6000,6500,6500,
Narnaul,07/09/2018,0.9,Other,6200,6500,6500,
Narnaul,08/09/2018,1.2,Other,6500,7000,7000,
Narnaul,11/09/2018,1.3,Other,5000,6000,6000,
Narnaul,12/09/2018,1.1,Other,5000,6000,6000,
Narnaul,13/09/2018,1.8,Other,4500,5000,5000,
Narnaul,14/09/2018,0.9,Other,4500,5000,5000,
Narnaul,15/09/2018,0.6,Other,5000,5000,5000,
Narnaul,16/09/2018,1.5,Other,3500,4000,4000,
Narnaul,18/09/2018,1,Other,3500,4000,4000,
Narnaul,19/09/2018,1.2,Other,4500,5000,5000,
Narnaul,20/09/2018,0.7,Other,4800,5200,5200,
Narnaul,21/09/2018,1.2,Other,4500,5000,5000,
Narnaul,22/09/2018,1,Other,4500,5000,5000,
Narnaul,23/09/2018,1.6,Other,4500,5000,5000,
Narnaul,24/09/2018,0.4,Other,5000,5000,5000,
Narnaul,26/09/2018,1.2,Other,5000,5500,5500,
Narnaul,27/09/2018,1.5,Other,4500,5000,5000,
Narnaul,28/09/2018,1,Other,4500,5000,5000,
Narnaul,29/09/2018,0.7,Other,4500,5000,5000,
Narnaund,05/09/2018,0.4, ,NR,NR,NR,
Narnaund,06/09/2018,0.7,Other,1400,1500,1500,
Narnaund,08/09/2018,0.15,Other,2900,3500,3200,
Narnaund,09/09/2018,0.15,Other,4000,4500,4200,
Narnaund,10/09/2018,0.4,Other,3800,4500,4200,
Narnaund,11/09/2018,0.25,Other,5100,5500,5200,
Narnaund,12/09/2018,0.25,Other,5000,5500,5200,
Narnaund,13/09/2018,0.4,Other,4800,5200,5000,
Narnaund,14/09/2018,0.2,Other,4600,5000,4800,
Narnaund,15/09/2018,0.2,Other,4700,5500,5000,
Narnaund,16/09/2018,0.25,Other,4400,5000,4800,
Narnaund,17/09/2018,0.25,Other,4700,5200,5000,
Narnaund,18/09/2018,0.15,Other,4800,5200,5000,
Narnaund,19/09/2018,0.35,Other,4600,5000,4800,
Narnaund,20/09/2018,0.25,Other,4700,5000,4800,
Narnaund,21/09/2018,0.25,Other,4600,5000,4800,
Narnaund,22/09/2018,0.25,Other,4600,5000,4800,
Narnaund,23/09/2018,0.25,Other,4500,5000,4800,
Narnaund,24/09/2018,0.25,Other,4400,5000,4800,
Narnaund,25/09/2018,0.3,Other,4500,5000,4800,
Narnaund,26/09/2018,0.3,Other,4600,5000,4800,
Narnaund,27/09/2018,0.35,Other,4400,5000,4800,
Narnaund,28/09/2018,0.2,Other,4300,4800,4500,
Narnaund,29/09/2018,0.3,Other,4400,4800,4500,
Narwana,01/09/2018,0.22,Other,3500,7000,5250,
Narwana,02/09/2018,0.25,Other,3500,7000,5250,
Narwana,03/09/2018,0.19,Other,3500,7000,5250,
Narwana,04/09/2018,0.18,Other,4600,7000,5800,
Narwana,05/09/2018,0.25,Other,2500,7000,4750,
Narwana,06/09/2018,0.17,Other,5000,7000,6000,
Narwana,07/09/2018,0.21,Other,2500,7000,4750,
Narwana,08/09/2018,0.29,Other,2500,7000,4750,
Narwana,09/09/2018,0.31,Other,1500,6500,4000,
Narwana,11/09/2018,0.4,Other,1200,7000,4100,
Narwana,12/09/2018,0.35,Other,1500,7000,4250,
Narwana,13/09/2018,0.35,Other,1500,7000,4250,
Narwana,14/09/2018,0.44,Other,1500,7000,4250,
Narwana,15/09/2018,0.47,Other,1500,5000,3250,
Narwana,18/09/2018,0.52,Other,1000,5000,3000,
Narwana,19/09/2018,0.63,Other,1000,5000,3000,
Narwana,20/09/2018,0.45,Other,1000,5000,3000,
Narwana,21/09/2018,0.53,Other,1000,5000,3000,
Narwana,23/09/2018,0.62,Other,1000,5000,3000,
Narwana,24/09/2018,0.42,Other,1000,5000,3000,
Narwana,25/09/2018,0.39,Other,1000,5000,3000,
Narwana,27/09/2018,0.11,Other,2000,2800,2400,
Narwana,28/09/2018,0.13,Other,3000,3500,3250,
Narwana,29/09/2018,0.15,Other,3000,3500,3250,
Narwana,11/09/2018,12.6,Other,3000,4000,3500,
Narwana,12/09/2018,12.2,Other,2500,4500,3500,
Narwana,13/09/2018,17.3,Other,2000,4500,3000,
Narwana,14/09/2018,30.6,Other,1500,4000,2500,
Narwana,16/09/2018,13.1,Other,1500,4500,3000,
Narwana,17/09/2018,8.9,Other,1500,4000,3000,
Narwana,18/09/2018,28.4,Other,1500,4500,3000,
Narwana,21/09/2018,7.3,Other,1500,4500,3000,
Narwana,22/09/2018,36.3,Other,1500,4500,3000,
Narwana,23/09/2018,4.8,Other,1500,4500,3000,
Narwana,24/09/2018,25.5,Other,1500,4000,3000,
Narwana,25/09/2018,6.6,Other,1500,4000,3000,
Narwana,26/09/2018,10,Other,1500,4500,3000,
Narwana,28/09/2018,3.8,Other,1500,4000,3000,
Narwana,29/09/2018,24.4,Other,1500,4500,3000,
Narwana,04/09/2018,0.8,Other,6500,7500,7200,
Narwana,05/09/2018,1,Other,6000,8000,7500,
Palwal,02/09/2018,2.7,Apple,5000,7000,6000,
Palwal,05/09/2018,3.5,Apple,5500,8500,7000,
Palwal,09/09/2018,2,Apple,5000,8500,6750,
Palwal,10/09/2018,1.2,Apple,3500,7200,5350,
Palwal,11/09/2018,1,Apple,4500,7800,6150,
Palwal,12/09/2018,1.4,Apple,5000,7000,6000,
Palwal,13/09/2018,2.8,Apple,2000,6000,4000,
Palwal,14/09/2018,1.4,Apple,3000,5500,4250,
Palwal,15/09/2018,2,Apple,4000,6000,5000,
Palwal,17/09/2018,1.5,Apple,3000,5500,4250,
Palwal,19/09/2018,2.6,Apple,4000,5500,4750,
Palwal,20/09/2018,2.8,Apple,4000,5500,4750,
Palwal,21/09/2018,1.1,Apple,3200,6000,4600,
Palwal,23/09/2018,2.7,Apple,3000,4000,3500,
Palwal,24/09/2018,0.9,Apple,3500,3500,3500,
Palwal,25/09/2018,3.9,Apple,2500,5000,3750,
Palwal,26/09/2018,1.6,Apple,3000,4000,3500,
Palwal,27/09/2018,3.6,Apple,2500,5000,3750,
Palwal,28/09/2018,3.3,Apple,2500,5000,3750,
Palwal,29/09/2018,2.1,Apple,2500,5000,3750,
Palwal,30/09/2018,1.7,Apple,3000,4000,3500,
Panipat,06/09/2018,2.8,Other,5000,9000,7500,
Panipat,11/09/2018,2.8,Other,5000,8000,5400,
Panipat,12/09/2018,22.7,Other,2400,7000,4800,
Panipat,13/09/2018,1.9, ,NR,NR,NR,
Panipat,14/09/2018,65.3,Other,4500,8000,6800,
Panipat,15/09/2018,22,Other,1500,7000,4200,
Panipat,17/09/2018,56.8,Other,1200,8000,6100,
Panipat,18/09/2018,43,Other,1800,6500,4500,
Panipat,19/09/2018,77.3,Other,1800,7000,4500,
Panipat,21/09/2018,60.4,Other,1800,7000,4500,
Panipat,22/09/2018,50.9,Other,1500,6000,4100,
Panipat,24/09/2018,64.8,Other,1800,6500,4600,
Panipat,26/09/2018,24.5,Other,1500,6500,4500,
Panipat,28/09/2018,97.8,Other,1500,6000,4200,
Pataudi,01/09/2018,1.3,Other,3000,4000,3500,
Pataudi,02/09/2018,1.45,Other,3000,7000,5000,
Pataudi,03/09/2018,1.7,Other,3000,5500,4250,
Pataudi,04/09/2018,1.95,Other,3000,7000,5000,
Pataudi,05/09/2018,0.9,Other,3000,3200,3100,
Pataudi,06/09/2018,0.7,Other,2800,3000,2900,
Pataudi,07/09/2018,1.65,Other,2500,7000,4750,
Pataudi,08/09/2018,1.85,Other,1000,5000,3000,
Pataudi,09/09/2018,4.2,Other,1000,2000,1500,
Pataudi,09/09/2018,4.2,Other,5000,7000,6000,
Pataudi,10/09/2018,2.2,Other,1000,4000,2500,
Pataudi,11/09/2018,1.15,Other,2500,4000,3250,
Pataudi,12/09/2018,2.35,Other,2000,5000,3500,
Pataudi,13/09/2018,1.1,Other,2500,7000,4750,
Pataudi,14/09/2018,2.3,Other,1500,5000,3250,
Pataudi,15/09/2018,2.45,Other,1500,5000,3250,
Pataudi,16/09/2018,1.5,Other,1500,4000,2750,
Pataudi,17/09/2018,1.2,Other,1500,4000,2750,
Pataudi,18/09/2018,2.2,Other,1500,5000,3250,
Pataudi,19/09/2018,2.5,Other,1500,4000,2750,
Pataudi,21/09/2018,2.6,Other,1500,5000,3250,
Pataudi,22/09/2018,3.4,Other,1500,5000,3250,
Pataudi,23/09/2018,3,Other,1500,5000,3250,
Pataudi,24/09/2018,2.4,Other,1500,2000,1750,
Pataudi,25/09/2018,3.8,Other,1600,5000,3300,
Pehowa,01/09/2018,0.2,Other,4600,5210,4680,
Pehowa,03/09/2018,0.5,Other,4600,5600,5600,
Pehowa,04/09/2018,0.2,Other,4600,4920,4900,
Pehowa,05/09/2018,0.2,Other,3500,4600,4600,
Pehowa,06/09/2018,0.2,Other,4200,4320,4220,
Pehowa,07/09/2018,0.2,Other,4200,4310,4210,
Pehowa,10/09/2018,0.2,Other,1900,2410,2350,
Pehowa,12/09/2018,0.2,Other,3520,3620,3520,
Pehowa,13/09/2018,0.2,Other,1600,3600,3600,
Pehowa,14/09/2018,0.2,Other,2900,3600,3200,
Pehowa,15/09/2018,0.3,Other,2300,4210,3600,
Pehowa,20/09/2018,0.2,Other,2300,3600,2600,
Pehowa,21/09/2018,0.1,Other,2600,3900,3520,
Pehowa,22/09/2018,0.5,Other,4600,4600,4600,
Pehowa,26/09/2018,0.5,Other,3300,4400,4320,
Pehowa,27/09/2018,0.2, ,NR,NR,NR,
Radaur,01/09/2018,2,Other,3500,5000,4000,
Radaur,02/09/2018,1,Other,4000,4000,4000,
Radaur,03/09/2018,2,Other,4200,4200,4200,
Radaur,04/09/2018,3,Other,4500,4500,4500,
Radaur,05/09/2018,2,Other,4500,4500,4500,
Radaur,06/09/2018,1,Other,4000,4000,4000,
Radaur,07/09/2018,3,Other,2000,4000,3000,
Radaur,08/09/2018,2,Other,2500,4500,4000,
Radaur,10/09/2018,3,Other,2000,4000,3000,
Radaur,11/09/2018,4,Other,3000,4000,3500,
Radaur,12/09/2018,2,Other,3200,4000,3500,
Radaur,13/09/2018,3,Other,4000,4000,4000,
Radaur,14/09/2018,2,Other,4200,4200,4200,
Radaur,15/09/2018,3,Other,3500,4200,4000,
Radaur,16/09/2018,2,Other,4000,4000,4000,
Radaur,17/09/2018,2,Other,4000,4000,4000,
Radaur,18/09/2018,3,Other,2500,4000,3500,
Radaur,19/09/2018,4,Other,3000,4000,3500,
Radaur,20/09/2018,3,Other,3500,4500,4000,
Radaur,21/09/2018,4,Other,4000,5000,4500,
Radaur,23/09/2018,3,Other,2500,4000,3000,
Radaur,24/09/2018,1,Other,3500,3500,3500,
Radaur,25/09/2018,5,Other,3200,4000,3500,
Radaur,26/09/2018,7,Other,2500,4000,3000,
Radaur,27/09/2018,6,Other,3000,4000,3500,
Radaur,28/09/2018,7,Other,3000,4000,3200,
Radaur,29/09/2018,6,Other,3000,4500,3500,
Ratia,01/09/2018,1.2,Other,4000,9000,4500,
Ratia,02/09/2018,1.5,Other,3000,4000,3500,
Ratia,03/09/2018,1,Other,3500,4000,3800,
Ratia,04/09/2018,1.2,Other,3000,4000,3500,
Ratia,05/09/2018,0.8,Other,3000,4000,3500,
Ratia,06/09/2018,0.8,Other,3000,3500,3200,
Ratia,07/09/2018,1,Other,3000,4000,3500,
Ratia,08/09/2018,0.6,Other,3000,4000,3500,
Ratia,09/09/2018,1,Other,3000,3500,3200,
Ratia,10/09/2018,0.8,Other,2800,3500,3000,
Ratia,11/09/2018,2.8,Other,2000,4500,3000,
Ratia,12/09/2018,1.8,Other,2000,4000,2800,
Ratia,13/09/2018,1.2,Other,2000,3000,2500,
Ratia,14/09/2018,1.5,Other,2000,3500,3000,
Ratia,15/09/2018,0.7,Other,2000,3000,2500,
Ratia,16/09/2018,1.2,Other,2000,3500,3000,
Ratia,17/09/2018,1.5,Other,2000,3000,2800,
Ratia,18/09/2018,2.2,Other,2000,3500,3000,
Ratia,19/09/2018,1.5,Other,2000,3000,2500,
Ratia,20/09/2018,2.5,Other,2000,3000,2500,
Ratia,21/09/2018,1.8,Other,2000,2800,2500,
Ratia,22/09/2018,2.2,Other,2000,3500,2500,
Ratia,23/09/2018,2.8,Other,2000,4000,3000,
Ratia,24/09/2018,1.2,Other,2000,3000,2500,
Ratia,25/09/2018,2.5,Other,2000,3500,3000,
Ratia,26/09/2018,2.2,Other,1800,4500,3000,
Ratia,27/09/2018,2.5,Other,1500,4500,3500,
Ratia,28/09/2018,3,Other,2800,4000,3500,
Ratia,29/09/2018,3.2,Other,2000,4000,3500,
Ratia,30/09/2018,3.5,Other,2000,4000,3500,
Rewari,01/09/2018,14,Apple,2700,7100,4500,
Rewari,02/09/2018,7,Apple,4600,7300,5500,
Rewari,03/09/2018,6.5,Apple,3100,6250,4500,
Rewari,04/09/2018,4.8,Apple,3100,6900,4500,
Rewari,05/09/2018,5,Apple,3200,6600,4800,
Rewari,06/09/2018,5,Apple,3240,6800,4500,
Rewari,07/09/2018,7.2,Apple,2800,7750,4400,
Rewari,08/09/2018,6.8,Apple,3100,6800,4500,
Rewari,09/09/2018,4.5,Apple,3500,7000,4800,
Rewari,10/09/2018,6.5,Apple,3600,5040,4200,
Rewari,11/09/2018,7,Apple,2400,13070,7500,
Rewari,12/09/2018,13,Apple,4000,7080,5200,
Rewari,13/09/2018,3.6,Apple,2900,6525,4500,
Rewari,14/09/2018,3.8,Apple,3570,6800,5200,
Rewari,18/09/2018,7.8,Apple,4800,8300,5500,
Rewari,19/09/2018,7,Apple,4000,6800,5300,
Rewari,20/09/2018,9.5,Apple,2515,6900,4500,
Rewari,21/09/2018,8.2,Apple,3100,7000,4800,
Rewari,22/09/2018,11.5,Apple,3810,8500,5200,
Rewari,23/09/2018,7.5,Apple,3380,5740,4500,
Rewari,24/09/2018,3.3,Apple,3100,6250,4500,
Rewari,25/09/2018,9,Apple,3050,7100,5200,
Rewari,26/09/2018,6.5,Apple,4200,6800,5200,
Rewari,27/09/2018,1.2,Apple,4600,5615,5100,
Rewari,28/09/2018,2,Apple,4400,6500,5200,
Sadhaura,01/09/2018,0.6,Golden,3000,4000,3500,
Sadhaura,02/09/2018,1,Other,2000,4000,3000,
Sadhaura,03/09/2018,0.8,Other,2000,4000,3000,
Sadhaura,05/09/2018,1,Other,2000,4000,3000,
Sadhaura,06/09/2018,0.8,Golden,3000,4000,3500,
Sadhaura,07/09/2018,1,Other,2000,4000,3000,
Sadhaura,08/09/2018,0.4,Other,4000,5000,4500,
Sadhaura,09/09/2018,1.1,Other,4000,4500,4200,
Sadhaura,10/09/2018,1.1,Other,4000,5000,4500,
Sadhaura,12/09/2018,0.4,Other,3500,4500,4000,
Sadhaura,13/09/2018,0.9,Other,3000,4000,3500,
Sadhaura,14/09/2018,0.8,Other,3000,4000,3500,
Sadhaura,15/09/2018,0.4,Other,3000,4500,3500,
Sadhaura,17/09/2018,0.9,Other,4000,5000,4500,
Sadhaura,18/09/2018,1.1,Other,4000,5000,4500,
Sadhaura,19/09/2018,1.2,Other,3000,4000,3500,
Sadhaura,20/09/2018,1.2,Other,2500,4500,3500,
Sadhaura,21/09/2018,1.8,Other,2000,4000,3000,
Sadhaura,22/09/2018,1.4,Other,2000,4500,3500,
Sadhaura,24/09/2018,0.2,Other,3000,4000,3500,
Sadhaura,25/09/2018,0.4,Other,3000,4000,3500,
Sadhaura,26/09/2018,0.9,Other,3000,4000,3500,
Sadhaura,27/09/2018,0.3,Other,3000,4000,3500,
Sadhaura,28/09/2018,1.2,Other,4000,4500,4200,
Sadhaura,29/09/2018,1,Other,3500,4500,4000,
Sadhaura,30/09/2018,0.9,Other,4000,4500,4200,
Safidon,01/09/2018,4.1,Other,3000,8000,6000,
Safidon,02/09/2018,3.8,Other,3000,8000,6000,
Safidon,03/09/2018,5.6,Other,3000,8000,6000,
Safidon,04/09/2018,5,Other,3000,8000,6000,
Safidon,05/09/2018,6.1,Other,3000,8000,6000,
Safidon,06/09/2018,4.5,Other,3500,8500,6500,
Safidon,07/09/2018,2,Other,3500,8500,6000,
Safidon,08/09/2018,4,Other,3500,8500,6000,
Safidon,09/09/2018,5.6,Other,3500,8500,6000,
Safidon,11/09/2018,4.5,Other,3500,8500,6000,
Safidon,12/09/2018,4.6,Other,3500,8500,6000,
Safidon,14/09/2018,4.1,Other,3500,9000,6500,
Safidon,15/09/2018,4.3,Other,3500,9000,6500,
Safidon,18/09/2018,5,Other,3800,10000,7500,
Safidon,19/09/2018,4,Other,3800,10000,7500,
Safidon,20/09/2018,3.7,Other,3800,10000,7500,
Safidon,25/09/2018,3,Other,4000,10000,7500,
Safidon,26/09/2018,4.1,Other,4000,10000,7500,
Safidon,27/09/2018,38,Other,2200,2650,2400,
Safidon,29/09/2018,4.2,Other,4000,10000,7500,
Samalkha,20/09/2018,0.05,Apple,1900,2100,2000,
Samalkha,22/09/2018,0.3,Apple,1800,2000,1900,
Samalkha,23/09/2018,0.2,Apple,1800,2000,1900,
Samalkha,24/09/2018,0.1,Apple,1700,2000,1800,
Sampla,01/09/2018,1.2,Other,5000,6000,6000,
Sampla,02/09/2018,1.5,Other,5000,7000,7000,
Sampla,03/09/2018,1.6,Other,5000,8000,8000,
Sampla,04/09/2018,0.4,Other,6000,6000,6000,
Sampla,05/09/2018,1,Other,5000,6000,6000,
Sampla,06/09/2018,1.2,Other,4000,5000,5000,
Sampla,07/09/2018,1.1,Other,4000,6000,5000,
Sampla,08/09/2018,0.9,Other,5000,5000,5000,
Sampla,09/09/2018,1.2,Other,5000,6000,6000,
Sampla,11/09/2018,1.3,Other,5000,6000,6000,
Sampla,12/09/2018,1.5,Other,4000,6000,6000,
Sampla,13/09/2018,1.2,Other,4000,7000,5000,
Sampla,14/09/2018,2.5,Other,4000,6000,5000,
Sampla,15/09/2018,1.8,Other,5000,6000,6000,
Sampla,16/09/2018,1.5,Other,4000,6000,5000,
Sampla,17/09/2018,0.5,Other,6000,6000,6000,
Sampla,18/09/2018,1.1,Other,5000,7000,7000,
Sampla,19/09/2018,1.7,Other,4000,7000,5000,
Sampla,20/09/2018,1.3,Other,5000,6000,6000,
Sampla,21/09/2018,2.3,Other,4000,7000,5000,
Sampla,22/09/2018,1.9,Other,5000,8000,8000,
Sampla,23/09/2018,2.5,Other,4000,6000,5000,
Sampla,24/09/2018,1,Other,5000,7000,7000,
Sampla,25/09/2018,2.2,Other,4000,6000,5000,
Sampla,26/09/2018,1.4,Other,4000,7000,5000,
Sampla,27/09/2018,2.1,Other,4000,7000,5000,
Sampla,28/09/2018,2.6,Other,3000,7000,5000,
Sampla,29/09/2018,2.5,Other,4000,7000,5000,
Sampla,30/09/2018,2.4,Other,4000,7000,6000,
Shahabad,01/09/2018,6.4,Apple,1000,4000,1500,
Shahabad,03/09/2018,5.3,Apple,1000,4000,2000,
Shahabad,04/09/2018,4.6,Apple,1500,4800,3000,
Shahabad,05/09/2018,3.6,Apple,1500,4540,3500,
Shahabad,06/09/2018,3.2,Apple,3500,6350,5000,
Shahabad,07/09/2018,2.8,Apple,1100,6180,4000,
Shahabad,08/09/2018,4.3,Apple,2000,4000,3000,
Shahabad,10/09/2018,5.1,Apple,3000,4125,3600,
Shahabad,11/09/2018,5.1,Apple,2000,4995,3500,
Shahabad,12/09/2018,3.3,Apple,3500,4000,3600,
Shahabad,13/09/2018,4.3,Apple,2000,4500,4000,
Shahabad,14/09/2018,3.4,Apple,1800,4500,2500,
Shahabad,15/09/2018,3.3,Apple,3290,4500,4000,
Shahabad,17/09/2018,3,Apple,2000,5000,3000,
Shahabad,18/09/2018,2.9,Apple,4200,5720,5000,
Shahabad,19/09/2018,2.4,Apple,4000,4200,4100,
Shahabad,20/09/2018,3.7,Apple,4100,5855,5000,
Shahabad,21/09/2018,3.5,Apple,4000,6000,5000,
Shahabad,22/09/2018,2.7,Apple,4000,4500,4200,
Shahabad,24/09/2018,3,Apple,3181,5000,4000,
Shahabad,25/09/2018,5.6,Apple,3390,5420,4000,
Shahabad,27/09/2018,4.1,Apple,2500,5000,3000,
Shahabad,28/09/2018,5.4,Apple,2300,4500,4000,
Shahabad,29/09/2018,6.3,Apple,2200,5000,3000,
Shahzadpur,01/09/2018,0.1,Apple,4000,4000,4000,
Shahzadpur,03/09/2018,0.13,Apple,2500,4000,2500,
Shahzadpur,04/09/2018,0.1,Apple,3000,3000,3000,
Shahzadpur,05/09/2018,0.12,Apple,5000,6000,6000,
Shahzadpur,06/09/2018,0.1,Apple,3000,3000,3000,
Shahzadpur,07/09/2018,0.1,Apple,3000,3000,3000,
Shahzadpur,08/09/2018,0.1,Apple,3000,3000,3000,
Shahzadpur,10/09/2018,0.1,Apple,3000,3000,3000,
Shahzadpur,11/09/2018,0.1,Apple,3000,3000,3000,
Shahzadpur,12/09/2018,0.1,Apple,2500,2500,2500,
Shahzadpur,13/09/2018,0.1,Apple,3000,5000,3000,
Shahzadpur,14/09/2018,0.1,Apple,5000,5000,5000,
Shahzadpur,15/09/2018,0.1,Apple,3000,3000,3000,
Shahzadpur,17/09/2018,0.25,Apple,4000,4000,4000,
Shahzadpur,18/09/2018,0.22,Apple,3000,5000,3000,
Shahzadpur,19/09/2018,0.1,Apple,3000,5000,3000,
Shahzadpur,20/09/2018,0.1, ,NR,NR,NR,
Shahzadpur,21/09/2018,0.1, ,NR,NR,NR,
Shahzadpur,25/09/2018,0.1,Apple,3000,3000,3000,
Shahzadpur,27/09/2018,0.1,Apple,3000,3000,3000,
Sirsa,03/09/2018,4.1,Other,2500,5000,3800,
Sirsa,04/09/2018,6.6,Other,2000,8000,5000,
Sirsa,05/09/2018,9.3, ,NR,NR,NR,
Sirsa,06/09/2018,10,Other,1400,7500,4800,
Sirsa,07/09/2018,12.1,Other,1500,7000,4000,
Sirsa,10/09/2018,2.3,Other,1000,4000,3800,
Sirsa,11/09/2018,5.5, ,NR,NR,NR,
Sirsa,12/09/2018,10.8,Other,1500,7000,5000,
Sirsa,13/09/2018,25.7,Other,1000,8000,4000,
Sirsa,14/09/2018,14.5,Other,1100,7500,4000,
Sirsa,15/09/2018,22.5,Other,4500,11000,4500,
Sirsa,17/09/2018,7.5,Other,1500,4000,3500,
Sirsa,18/09/2018,24.2,Other,4500,7000,4500,
Sirsa,19/09/2018,10.4,Other,2000,10000,5000,
Sirsa,20/09/2018,23.6,Other,3500,14000,5000,
Sirsa,21/09/2018,9,Other,3500,8000,5000,
Sirsa,22/09/2018,22.5,Other,1500,7500,5000,
Sirsa,24/09/2018,9.3,Other,3500,4600,4000,
Sirsa,25/09/2018,9.1,Other,2500,10000,3500,
Sirsa,26/09/2018,33.3,Other,1700,8000,4000,
Sirsa,28/09/2018,18.8,Other,2000,6200,5000,
Sirsa,29/09/2018,30.7,Other,1800,7000,4200,
Sohna,02/09/2018,1.7,Apple,3000,3000,3000,
Sohna,02/09/2018,1.7,Apple,5000,5000,5000,
Sohna,02/09/2018,1.7,Apple,6000,6000,6000,
Sohna,10/09/2018,1.6,Apple,5000,5000,5000,
Sohna,14/09/2018,1.3,Apple,5000,5000,5000,
Sohna,14/09/2018,1.3,Apple,6000,6000,6000,
Sohna,14/09/2018,1.3,Apple,7000,7000,7000,
Sohna,21/09/2018,2.7,Apple,6000,6000,6000,
Sohna,21/09/2018,2.7,Apple,6500,6500,6500,
Sohna,21/09/2018,2.7,Apple,7000,7000,7000,
Sonepat,01/09/2018,5.9,Other,5000,7800,5000,
Sonepat,06/09/2018,5.4,Other,5000,5500,5000,
Sonepat,07/09/2018,6.8,Delicious,4900,7500,4900,
Sonepat,10/09/2018,5.6,Other,5000,8000,5000,
Sonepat,11/09/2018,8.4,Other,5000,8000,5000,
Sonepat,13/09/2018,5.8,Other,3500,7500,3500,
Sonepat,14/09/2018,2,Other,4500,7000,4500,
Sonepat,15/09/2018,6.7,Other,4200,7500,4200,
Sonepat,17/09/2018,8.6,Other,4500,7600,4500,
Sonepat,18/09/2018,3,Other,4000,8000,4000,
Sonepat,19/09/2018,4.6,Other,5000,8000,5000,
Sonepat,20/09/2018,7.5,Other,4200,7500,4200,
Sonepat,21/09/2018,8.1,Other,4500,5000,4500,
Sonepat,22/09/2018,9,Other,5000,6500,5000,
Sonepat,24/09/2018,5.8,Other,5200,7500,5200,
Sonepat,25/09/2018,8.2,Other,3500,8000,3500,
Sonepat,26/09/2018,7,Other,3900,7800,3900,
Sonepat,27/09/2018,7.8,Other,6000,7900,6000,
Taura,11/09/2018,1.6,Other,1800,3000,2500,
Taura,11/09/2018,1.6,Other,4000,6000,5500,
Taura,12/09/2018,4.2,Other,3500,5000,4000,
Taura,13/09/2018,2.6,Other,1500,2000,1800,
Taura,13/09/2018,2.6,Other,3200,5000,3500,
Taura,14/09/2018,1.3,Other,1400,2200,1800,
Taura,14/09/2018,1.3,Other,4000,5000,4500,
Taura,15/09/2018,3.1,Other,1500,2500,2000,
Taura,15/09/2018,3.1,Other,4000,5000,4500,
Taura,16/09/2018,2.1,Other,1200,2500,1500,
Taura,16/09/2018,2.1,Other,4000,5800,5000,
Taura,17/09/2018,0.6,Other,4000,4000,4000,
Taura,18/09/2018,5.6,Other,4000,5500,5000,
Taura,19/09/2018,2.2,Other,2000,2000,2000,
Taura,19/09/2018,2.2,Other,5000,5000,5000,
Taura,22/09/2018,2.2,Other,1800,4000,3000,
Taura,22/09/2018,2.2,Other,6500,6500,6500,
Taura,23/09/2018,3.8,Other,1700,4000,2500,
Taura,24/09/2018,1.5,Other,1800,1800,1800,
Taura,25/09/2018,4.9,Other,1500,3500,2000,
Taura,25/09/2018,4.9,Other,4000,5500,5000,
Taura,26/09/2018,2.9,Other,1600,2500,2000,
Taura,26/09/2018,2.9,Other,4000,5600,5000,
Taura,27/09/2018,2.6,Other,1700,4000,2500,
Taura,28/09/2018,2.4,Other,1600,3000,2500,
Taura,28/09/2018,2.4,Other,4000,6000,5000,
Taura,29/09/2018,4.5,Other,1800,3000,2500,
Taura,29/09/2018,4.5,Other,4000,5000,4500,
Thanesar,24/09/2018,19,Other,2500,8000,4500,
Thanesar,25/09/2018,20,Other,2000,8000,4500,
Uklana,01/09/2018,0.8,Apple,3000,6500,6000,
Uklana,03/09/2018,0.8,Apple,3000,6000,5500,
Uklana,04/09/2018,0.6,Apple,5000,6000,6000,
Uklana,05/09/2018,0.9,Apple,3500,6000,5500,
Uklana,06/09/2018,0.9,Apple,5000,6000,6000,
Uklana,07/09/2018,0.6,Apple,4000,6000,5500,
Uklana,08/09/2018,0.45,Apple,4000,6000,5500,
Uklana,09/09/2018,0.8,Apple,4000,6000,5500,
Uklana,10/09/2018,0.3,Apple,4500,4500,4500,
Uklana,11/09/2018,1,Apple,3000,6000,5500,
Uklana,12/09/2018,0.5,Apple,4000,6000,5500,
Uklana,13/09/2018,0.1,Apple,6000,6000,6000,
Uklana,14/09/2018,0.3,Apple,5000,5500,5500,
Uklana,15/09/2018,1.3,Apple,1300,5000,4500,
Uklana,16/09/2018,1.1,Apple,3500,5500,5000,
Uklana,18/09/2018,1, ,NR,NR,NR,
Uklana,19/09/2018,0.9,Apple,2500,6000,5000,
Uklana,20/09/2018,1,Apple,3500,5000,5000,
Uklana,21/09/2018,1.1,Apple,1300,5000,4500,
Uklana,22/09/2018,0.2,Apple,4000,4000,4000,
Uklana,23/09/2018,2.1,Apple,2500,5000,4500,
Uklana,25/09/2018,1.4,Apple,1200,5000,4500,
Uklana,27/09/2018,1.3,Apple,1300,5000,4500,
Uklana,28/09/2018,0.8,Apple,2000,4000,3500,
Uklana,29/09/2018,2.4,Apple,1400,5000,4500,
Yamuna Nagar,01/09/2018,11,Other,1500,6000,5500,
Yamuna Nagar,02/09/2018,8,Other,1400,6500,6000,
Yamuna Nagar,03/09/2018,7.5,Other,1500,6000,5500,
Yamuna Nagar,04/09/2018,7,Other,2000,6000,5500,
Yamuna Nagar,05/09/2018,7,Other,2000,6000,5800,
Yamuna Nagar,06/09/2018,7,Other,1000,7000,6500,
Yamuna Nagar,07/09/2018,8.5,Other,800,9000,8000,
Yamuna Nagar,08/09/2018,7.5,Other,800,7000,6500,
Yamuna Nagar,09/09/2018,12,Other,800,7000,6500,
Yamuna Nagar,10/09/2018,8,Other,800,7000,6500,
Yamuna Nagar,11/09/2018,16.5,Other,3500,6500,6500,
Yamuna Nagar,12/09/2018,14,Other,3500,6500,6500,
Yamuna Nagar,13/09/2018,12,Other,3500,6500,6200,
Yamuna Nagar,14/09/2018,19.5,Other,3500,6500,6500,
Yamuna Nagar,16/09/2018,17,Other,3500,6500,6300,
Yamuna Nagar,17/09/2018,8,Other,3500,6500,6500,
Yamuna Nagar,18/09/2018,14,Other,3500,6500,6500,
Yamuna Nagar,19/09/2018,15,Other,3500,6500,6500,
Yamuna Nagar,20/09/2018,14,Other,3500,7000,6500,
Yamuna Nagar,22/09/2018,14,Other,3800,6500,6200,
Yamuna Nagar,23/09/2018,5,Other,3500,6500,6200,
Yamuna Nagar,24/09/2018,4,Other,3500,6500,6500,
Yamuna Nagar,25/09/2018,11.5,Other,3500,6800,6500,
Yamuna Nagar,26/09/2018,13.5,Other,3500,6500,6200,
Yamuna Nagar,27/09/2018,18.5,Other,3500,6500,6500,
Yamuna Nagar,28/09/2018,15,Other,3500,6500,6200,
Yamuna Nagar,29/09/2018,14,Other,3500,6500,6500,
