Market,Arrival Date,Arrivals (Tonnes),Variety,Minimum Price(Rs./Quintal),Maximum Price(Rs./Quintal),Modal Price(Rs./Quintal),
Achalda,18/01/2018,10,Red,3500,4000,4000,
Achnera,01/01/2018,0.8,Red,3200,3260,3230,
,02/01/2018,0.6,Red,3200,3280,3240,
,03/01/2018,0.6,Red,3200,3240,3220,
,05/01/2018,0.6, ,NR,NR,NR,
,06/01/2018,0.6,Red,3150,3250,3200,
,07/01/2018,0.7,Red,3160,3200,3180,
,09/01/2018,0.6,Red,3140,3180,3160,
,10/01/2018,0.6,Red,3170,3210,3190,
,12/01/2018,0.7,Red,3120,3160,3140,
,15/01/2018,0.6,Red,3120,3160,3140,
,16/01/2018,0.7,Red,3080,3120,3100,
,17/01/2018,0.7,Red,3070,3110,3090,
,19/01/2018,0.6,Red,3080,3120,3100,
,20/01/2018,0.6,Red,3080,3120,3100,
,21/01/2018,0.3,Red,3110,3150,3130,
,23/01/2018,0.6,Red,3060,3100,3080,
,24/01/2018,0.6,Red,3060,3100,3080,
,27/01/2018,0.6,Red,3070,3090,3080,
,28/01/2018,0.6,Red,3080,3100,3090,
,29/01/2018,0.7,Red,3030,3050,3040,
,30/01/2018,0.7,Red,3000,3080,3040,
,31/01/2018,0.7,Red,3020,3060,3040,
Agra,02/01/2018,80,Red,2900,3150,3050,
,03/01/2018,75,Red,2920,3080,3000,
,04/01/2018,55,Red,3450,3800,3620,
,05/01/2018,59,Red,3400,3600,3500,
,06/01/2018,63,Red,3300,3500,3400,
,08/01/2018,57,Red,3600,3750,3680,
,09/01/2018,53,Red,3650,3800,3725,
,10/01/2018,51,Red,3700,3850,3780,
,11/01/2018,47,Red,3650,3850,3750,
,12/01/2018,50.5,Red,3600,3800,3700,
,13/01/2018,47,Red,3650,3850,3750,
,15/01/2018,54,Red,3600,3800,3710,
,16/01/2018,57,Red,3600,3800,3700,
,17/01/2018,62,Red,3500,3700,3600,
,18/01/2018,63.5,Red,3050,3300,3200,
,19/01/2018,67,Red,3000,3200,3100,
,20/01/2018,63,Red,3000,3200,3120,
,22/01/2018,73,Red,2950,3150,3050,
,23/01/2018,77,Red,2650,2900,2800,
,24/01/2018,70,Red,2800,2950,2880,
,25/01/2018,74,Red,2550,2800,2700,
,26/01/2018,71,Red,2650,2800,2720,
,27/01/2018,71,Red,2600,2900,2750,
,29/01/2018,64,Red,2750,3000,2880,
,30/01/2018,67,Red,2700,2900,2800,
,31/01/2018,61,Red,2700,3000,2850,
Ajuha,01/01/2018,6,Red,2650,2760,2700,
,02/01/2018,5,Red,2650,2750,2700,
,03/01/2018,3.2,Red,2660,2740,2700,
,04/01/2018,5,Red,2630,2700,2680,
,06/01/2018,4.1,Red,2550,2650,2600,
,07/01/2018,6,Red,2600,2700,2650,
,08/01/2018,4.6,Red,2650,2750,2700,
,09/01/2018,4.7,Red,2680,2760,2720,
,10/01/2018,4.6,Red,2650,2750,2700,
,11/01/2018,6,Red,2680,2760,2720,
,13/01/2018,6.2,Red,2750,2860,2800,
,14/01/2018,5.3,Red,2760,2860,2800,
,15/01/2018,4,Red,2800,2840,2820,
,16/01/2018,3,Red,2750,2850,2800,
,17/01/2018,2.8,Red,2760,2860,2820,
,18/01/2018,3,Red,2750,2850,2800,
,20/01/2018,3,Red,2800,2900,2850,
,21/01/2018,4,Red,2750,2850,2800,
,22/01/2018,5,Red,2800,2900,2850,
,23/01/2018,4,Red,2650,2750,2700,
,24/01/2018,5,Red,2650,2750,2700,
,25/01/2018,6,Red,2700,2800,2750,
,27/01/2018,4,Red,2750,2850,2800,
,28/01/2018,2,Red,2750,2850,2800,
,29/01/2018,2.2,Red,2700,2800,2750,
,30/01/2018,2.5,Red,2700,2780,2740,
,31/01/2018,6,Red,2750,2850,2800,
Akbarpur,01/01/2018,4.5,Red,3275,3325,3300,
,03/01/2018,5,Red,3425,3475,3450,
,04/01/2018,6,Red,3325,3375,3350,
,05/01/2018,4.5,Red,3275,3325,3300,
,06/01/2018,6,Red,3300,3350,3325,
,07/01/2018,5,Red,3325,3375,3350,
,08/01/2018,5.5,Red,3275,3325,3300,
,10/01/2018,4,Red,3375,3425,3400,
,11/01/2018,6.5,Red,3325,3375,3350,
,12/01/2018,5.5,Red,3325,3375,3350,
,13/01/2018,4,Red,3375,3425,3400,
,14/01/2018,5.5,Red,3375,3450,3400,
,15/01/2018,4.5,Red,3400,3475,3450,
,17/01/2018,5.5,Red,3350,3400,3375,
,18/01/2018,6,Red,3225,3275,3250,
,19/01/2018,5.5,Red,3175,3225,3200,
,20/01/2018,4.5,Red,3225,3275,3250,
,21/01/2018,6,Red,3200,3250,3225,
,22/01/2018,6.5,Red,3175,3225,3200,
,24/01/2018,5.5,Red,3150,3225,3200,
,25/01/2018,8,Red,3125,3175,3150,
,26/01/2018,4.5,Red,3175,3225,3200,
,27/01/2018,5,Red,3100,3150,3125,
,28/01/2018,6.5,Red,3025,3075,3050,
,29/01/2018,4.5,Red,2975,3050,3025,
,31/01/2018,6.5,Red,2950,3025,3000,
Aligarh,01/01/2018,50,Red,2950,3050,3000,
,02/01/2018,40,Red,3050,3150,3100,
,03/01/2018,50,Red,2950,3050,3000,
,04/01/2018,45,Red,2950,3050,3000,
,05/01/2018,50,Red,2900,3000,2950,
,06/01/2018,45,Red,2950,3050,3000,
,08/01/2018,40,Red,3000,3100,3050,
,09/01/2018,35,Red,3050,3150,3100,
,10/01/2018,40,Red,3050,3150,3100,
,12/01/2018,45,Red,3100,3200,3150,
,13/01/2018,40,Red,3000,3100,3050,
,15/01/2018,50,Red,2950,3050,3000,
,16/01/2018,45,Red,2950,3050,3000,
,17/01/2018,40,Red,3000,3100,3050,
,18/01/2018,50,Red,2950,3050,3000,
,19/01/2018,40,Red,3000,3100,3050,
,20/01/2018,50,Red,2950,3050,3000,
,22/01/2018,45,Red,3000,3100,3050,
,23/01/2018,50,Red,2950,3050,3000,
,24/01/2018,55,Red,2950,3050,3000,
,25/01/2018,50,Red,3000,3100,3050,
,26/01/2018,55,Red,2950,3050,3000,
,27/01/2018,50,Red,2950,3050,3000,
,29/01/2018,45,Red,3000,3100,3050,
,30/01/2018,55,Red,2850,2950,2900,
Allahabad,01/01/2018,120,Local,2700,2900,2800,
,02/01/2018,150,Local,2700,2900,2800,
,03/01/2018,200,Local,2700,2900,2800,
,04/01/2018,220,Local,2700,2900,2780,
,05/01/2018,180,Local,2700,2900,2785,
,06/01/2018,150,Local,2700,2900,2785,
,08/01/2018,120,Local,2700,2900,2790,
,09/01/2018,85,Local,2700,2900,2800,
,10/01/2018,100,Local,2700,2900,2800,
,11/01/2018,120,Local,2800,3000,2900,
,12/01/2018,80,Local,2800,3000,2900,
,13/01/2018,9,Local,2800,3000,2900,
,16/01/2018,100,Local,2800,3100,3000,
,17/01/2018,120,Local,2800,3200,3100,
,18/01/2018,85,Local,2800,3200,3100,
,19/01/2018,100,Local,2900,3100,3000,
,20/01/2018,115,Local,2900,3100,3000,
,22/01/2018,100,Local,2900,3100,3050,
,23/01/2018,90,Local,2900,3100,3050,
,24/01/2018,80,Local,2900,3100,3060,
,25/01/2018,85,Local,2900,3100,3060,
,27/01/2018,70,Local,2900,3200,3100,
,29/01/2018,80,Local,2900,3200,3100,
,30/01/2018,85,Local,2900,3200,3100,
,31/01/2018,60,Local,2900,3250,3150,
Amroha,06/01/2018,5,Dry F.A.Q.,1800,2500,2000,
Anoop Shahar,10/01/2018,1,Red,NR,NR,3200,
,16/01/2018,6,Red,NR,NR,3000,
,22/01/2018,1,Red,NR,NR,2800,
,24/01/2018,1,Red,NR,NR,3200,
,25/01/2018,1,Red,NR,NR,3200,
,30/01/2018,1,Red,NR,NR,3200,
Anwala,03/01/2018,10,Onion,3000,3200,3100,
,10/01/2018,10,Onion,3000,3200,3100,
,13/01/2018,20,Onion,2800,3000,2900,
,20/01/2018,15,Onion,2800,3000,2900,
,24/01/2018,15,Onion,2800,3000,2900,
Atarra,01/01/2018,1,Other,1600,1800,1700,
,02/01/2018,2,Red,1600,1800,1700,
,03/01/2018,2.5,Other,1900,2200,2020,
,04/01/2018,1.5,Other,2100,2300,2200,
,06/01/2018,3,Other,2100,2300,2200,
,07/01/2018,3.5,Other,2100,2300,2200,
,08/01/2018,4,Other,2150,2250,2200,
,09/01/2018,2,Other,2100,2300,2200,
,10/01/2018,2.5,Other,2100,2300,2200,
,11/01/2018,3,Other,2100,2300,2200,
,13/01/2018,3.5,Other,2100,2300,2200,
,14/01/2018,3, ,NR,NR,NR,
,15/01/2018,1.9, ,NR,NR,NR,
,16/01/2018,4.5, ,NR,NR,NR,
,17/01/2018,3,Other,2100,3300,2200,
,18/01/2018,2.5,Other,2100,2300,2200,
,20/01/2018,4,Other,2100,2300,2200,
,21/01/2018,3,Other,2100,2300,2200,
,22/01/2018,2.5,Other,2100,2300,2200,
,23/01/2018,4,Other,2100,2300,2200,
,24/01/2018,3,Red,2125,2300,2200,
,25/01/2018,350,Other,2100,2300,2200,
,27/01/2018,2,Other,2100,2300,2200,
,28/01/2018,1.5,Other,2100,2300,2200,
,29/01/2018,1.5,Other,2100,2300,2200,
,30/01/2018,4,Other,2100,2300,2200,
,31/01/2018,3,Other,2100,2300,2200,
Atrauli,10/01/2018,1,Red,2400,2500,2450,
,12/01/2018,2,Red,2400,2500,2450,
,13/01/2018,1,Red,2400,2500,2450,
,14/01/2018,2,Red,2400,2500,2450,
Auraiya,01/01/2018,4,Red,2450,2550,2500,
,02/01/2018,4.5,Red,2500,2600,2550,
,03/01/2018,4.5,Red,2550,2650,2600,
,04/01/2018,4,Red,2530,2570,2550,
,05/01/2018,35,Red,2550,2650,2600,
,06/01/2018,3,Red,2400,2550,2500,
,08/01/2018,3.5,Red,2550,2650,2600,
,09/01/2018,3,Red,2550,2700,2650,
,10/01/2018,2.8,Red,2650,2700,2680,
,11/01/2018,3,Red,2500,2700,2600,
,12/01/2018,2.5,Red,2630,2700,2650,
,13/01/2018,2.4,Red,2580,2620,2600,
,15/01/2018,2.5,Red,2630,2700,2650,
,16/01/2018,2.5,Red,2600,2700,2650,
,17/01/2018,2.4,Red,2580,2620,2600,
,18/01/2018,2.5,Red,2500,2700,2600,
,19/01/2018,2,Red,2550,2750,2650,
,20/01/2018,2.5,Red,2600,2730,2660,
,22/01/2018,3.5,Red,2525,2725,2625,
,23/01/2018,4,Red,2525,2725,2625,
,24/01/2018,5,Red,2550,2700,2620,
,25/01/2018,6,Red,2500,2700,2600,
,27/01/2018,1.6,Red,2500,2600,2550,
,29/01/2018,1.8,Red,2400,2600,2530,
,30/01/2018,9,Red,2400,2600,2500,
,31/01/2018,8,Red,2460,2600,2520,
Awagarh,03/01/2018,0.2,Red,3200,3500,3400,
,05/01/2018,0.6,Red,3200,3500,3400,
,25/01/2018,0.2,Red,2600,2800,2700,
Azamgarh,02/01/2018,142.5,Red,2980,3080,3030,
,03/01/2018,148,Red,2950,3060,3000,
,04/01/2018,149,Red,2935,3035,2985,
,05/01/2018,150,Red,2930,3040,2980,
,06/01/2018,145,Red,2940,3045,2990,
,08/01/2018,146,Red,2935,3030,2980,
,09/01/2018,147,Red,2930,3025,2975,
,10/01/2018,148,Red,2930,3035,2980,
,11/01/2018,145,Red,2950,3050,3000,
,12/01/2018,143,Red,2960,3060,3010,
,13/01/2018,140,Red,3050,3150,3100,
,15/01/2018,138.5,Red,3150,3250,3200,
,16/01/2018,139,Red,3150,3240,3190,
,17/01/2018,135,Red,3100,3200,3150,
,18/01/2018,130,Red,3160,3250,3200,
,19/01/2018,129,Red,3160,3260,3210,
,20/01/2018,125,Red,3180,3275,3225,
,22/01/2018,126.5,Red,3165,3270,3215,
,23/01/2018,127.5,Red,3160,3250,3200,
,24/01/2018,135,Red,3150,3250,3190,
,25/01/2018,134,Red,3150,3250,3200,
,27/01/2018,134.5,Red,3160,3260,3210,
,29/01/2018,136,Red,3130,3230,3180,
,30/01/2018,137,Red,3100,3200,3150,
,31/01/2018,138.5,Red,3080,3175,3125,
Baberu,01/01/2018,10,Red,2400,2600,2500,
,02/01/2018,6,Red,2350,2650,2500,
,05/01/2018,25,Red,2300,2650,2500,
,06/01/2018,8,Red,2300,2650,2500,
,07/01/2018,4,Red,2350,2650,2500,
,08/01/2018,6,Red,2300,2600,2450,
,09/01/2018,8,Red,2250,2600,2450,
,11/01/2018,5,Red,2350,2650,2500,
,12/01/2018,4,Red,2400,2750,2600,
,13/01/2018,5,Red,2450,2700,2600,
,14/01/2018,6,Red,2450,2700,2600,
,15/01/2018,8,Red,2350,2600,2500,
,16/01/2018,6,Red,2350,2650,2500,
,18/01/2018,4,Red,2400,2650,2550,
,19/01/2018,3,Red,2450,2750,2650,
,20/01/2018,5,Red,2500,2750,2650,
,21/01/2018,4,Red,2500,2750,2650,
,22/01/2018,8,Red,2500,2750,2650,
,25/01/2018,12,Red,2350,2600,2500,
,27/01/2018,8,Red,2300,2600,2500,
,28/01/2018,7,Red,2350,2600,2500,
,29/01/2018,10,Red,2250,2550,2400,
,30/01/2018,5,Red,2300,2600,2500,
Bachranwa,25/01/2018,180,Nasik,3150,3170,3165,
Badayoun,02/01/2018,6.5,Red,1000,2000,1800,
,05/01/2018,7,Red,1050,2200,1800,
,06/01/2018,8,Red,1000,2000,1650,
,08/01/2018,5,Red,1000,2000,1580,
,09/01/2018,6,Red,1200,2500,1800,
,12/01/2018,18.5,Red,1500,3000,2500,
,17/01/2018,15,Nasik,2000,2200,2100,
,19/01/2018,2,Red,2000,2200,2100,
,23/01/2018,4,Red,1650,2000,1800,
,25/01/2018,3,Red,1500,2200,1900,
,26/01/2018,2,Nasik,2500,3250,2850,
,27/01/2018,5,Nasik,2500,3500,3000,
,29/01/2018,4,Nasik,2500,3500,3000,
,31/01/2018,12,Nasik,2460,3200,2800,
Badda,03/01/2018,2,1st Sort,2600,2700,2650,
,04/01/2018,1,1st Sort,2600,2700,2650,
,07/01/2018,1,1st Sort,2650,2750,2700,
,08/01/2018,1,1st Sort,2600,2800,2700,
,09/01/2018,1,1st Sort,2650,2800,2700,
,10/01/2018,1,1st Sort,2600,2800,2700,
,11/01/2018,1,1st Sort,2650,2800,2700,
,12/01/2018,1,1st Sort,2600,2800,2700,
,14/01/2018,1,1st Sort,2600,2800,2700,
,15/01/2018,1,1st Sort,2600,2800,2700,
,17/01/2018,1,1st Sort,2550,2700,2600,
,18/01/2018,0.5,1st Sort,2550,2650,2600,
,19/01/2018,0.5,1st Sort,2600,2700,2650,
,21/01/2018,0.5,1st Sort,2600,2800,2700,
,22/01/2018,0.5,1st Sort,2500,2700,2600,
,23/01/2018,1,1st Sort,2600,2800,2700,
,24/01/2018,2,1st Sort,2650,2800,2700,
,25/01/2018,0.5,1st Sort,2650,2800,2700,
,28/01/2018,1,1st Sort,2700,2850,2800,
,30/01/2018,1,1st Sort,2600,2800,2700,
Bagpat,10/01/2018,0.2,1st Sort,NR,NR,4000,
,31/01/2018,0.6,1st Sort,NR,NR,3000,
Bahedi,01/01/2018,0.8,Onion,2450,2670,2560,
,02/01/2018,0.8,Onion,2400,2800,2600,
,03/01/2018,0.9,Onion,2400,2675,2550,
,04/01/2018,0.7,Onion,2450,2550,2500,
,05/01/2018,0.9,Onion,2250,2650,2400,
,06/01/2018,1.4,Onion,2455,2550,2500,
,07/01/2018,0.7,Onion,2450,2800,2650,
,08/01/2018,0.6,Onion,2400,2600,2500,
,09/01/2018,0.7,Onion,2450,2660,2570,
,10/01/2018,0.9,Onion,2250,2600,2400,
,11/01/2018,0.6,Onion,2450,2625,2500,
,12/01/2018,1.3,Onion,2400,2675,2550,
,13/01/2018,0.8,Onion,2175,2450,2325,
,14/01/2018,0.7,Onion,2200,2675,2450,
,15/01/2018,0.5,Onion,2250,2425,2300,
,16/01/2018,0.7,Onion,2250,2650,2430,
,17/01/2018,0.7,Onion,2250,2825,2600,
,18/01/2018,0.6,Onion,2150,2700,2475,
,19/01/2018,0.6,Onion,2225,2675,2450,
,20/01/2018,1,Onion,2425,2650,2500,
,21/01/2018,0.6,Onion,2350,2730,2575,
,22/01/2018,0.7,Onion,2450,2780,2600,
,23/01/2018,0.6,Onion,2490,2740,2550,
,24/01/2018,0.6,Onion,2525,2750,2675,
,25/01/2018,0.6,Onion,2200,2600,2400,
,27/01/2018,0.7,Onion,2450,2860,2675,
,28/01/2018,0.6,Onion,2150,2650,2425,
,29/01/2018,0.6,Onion,2100,2425,2250,
,30/01/2018,0.7,Onion,2450,2830,2610,
,31/01/2018,0.6,Onion,2150,2675,2425,
Bahraich,01/01/2018,57.2,Red,3000,3200,3100,
,03/01/2018,46.5,Red,3200,3550,3450,
,04/01/2018,57.5,Red,3150,3500,3400,
,05/01/2018,62.5,Red,3150,3450,3300,
,06/01/2018,62.5,Red,3150,3450,3350,
,09/01/2018,65.5,Red,3150,3450,3300,
,10/01/2018,68.5,Red,3150,3450,3300,
,11/01/2018,67.5,Red,3120,3400,3325,
,12/01/2018,65.5,Red,3150,3450,3350,
,15/01/2018,75.5,Red,3200,3400,3300,
,16/01/2018,78.5,Red,3150,3350,3275,
,18/01/2018,74.5,Red,3300,3500,3450,
,19/01/2018,74.5,Red,3300,3500,3400,
,20/01/2018,68.5,Red,3300,3500,3400,
,22/01/2018,68.5,Red,3300,3500,3400,
,23/01/2018,69.5,Red,3300,3550,3450,
,24/01/2018,72,Red,3250,3550,3450,
,25/01/2018,70.5,Red,3250,3400,3300,
,27/01/2018,825,Red,3250,3450,3350,
,29/01/2018,76.2,Red,3200,3400,3300,
,30/01/2018,72,Red,3300,3500,3450,
,31/01/2018,83.5,Red,3200,3400,3300,
Ballia,01/01/2018,60,Red,2800,3000,2900,
,02/01/2018,50,Red,2900,3000,2925,
,03/01/2018,60,Red,2950,3100,3000,
,04/01/2018,70,Red,3000,3100,3025,
,05/01/2018,50,Red,2925,3100,3050,
,06/01/2018,60,Red,2900,3100,3025,
,08/01/2018,80,Red,2900,3100,3000,
,09/01/2018,70,Red,3050,3200,3125,
,10/01/2018,50,Red,3100,3250,3150,
,11/01/2018,40,Red,3150,3250,3175,
,12/01/2018,80,Red,3050,3300,3200,
,13/01/2018,70,Red,3100,3250,3175,
,15/01/2018,50,Red,3100,3300,3200,
,16/01/2018,60,Red,3050,3250,3175,
,17/01/2018,70,Red,3025,3200,3160,
,18/01/2018,60,Red,3050,3200,3125,
,19/01/2018,50,Red,3050,3200,3150,
,20/01/2018,60,Red,3050,3250,3100,
,22/01/2018,70,Red,3050,3250,3200,
,23/01/2018,80,Red,2900,3100,3050,
,24/01/2018,60,Red,2900,3100,3000,
,25/01/2018,70,Red,2925,3100,3025,
,26/01/2018,60,Red,2850,3050,2950,
,27/01/2018,30,Red,2800,3000,2900,
,29/01/2018,40,Red,2850,3050,2925,
,30/01/2018,50,Red,2800,3000,2900,
,31/01/2018,70,Red,2800,3050,2950,
Balrampur,09/01/2018,2,Other,3650,4000,3800,
,17/01/2018,5,Other,2850,3200,3000,
,18/01/2018,5,Other,2500,2800,2650,
,23/01/2018,6,Other,3250,3650,3500,
,27/01/2018,4,Other,3200,3500,3350,
,29/01/2018,1,Other,3150,3350,3250,
,31/01/2018,2,Other,3250,3500,3350,
Banda,01/01/2018,8.5,Red,2250,2350,2300,
,03/01/2018,10,Red,2200,2350,2275,
,04/01/2018,6,Red,2300,2375,2340,
,06/01/2018,6,Red,2000,2200,2100,
,07/01/2018,7.5,Red,2000,2150,2080,
,08/01/2018,5.5,Red,2070,2200,2100,
,10/01/2018,4.5,Red,2200,2400,2250,
,11/01/2018,3,Red,2450,2700,2550,
,12/01/2018,4,Red,2400,2570,2500,
,13/01/2018,3.5,Red,2550,2850,2700,
,14/01/2018,4.5,Red,2620,2675,2650,
,15/01/2018,5,Red,2400,2600,2500,
,17/01/2018,4,Red,2650,2900,2750,
,18/01/2018,5.5,Red,2550,2750,2675,
,19/01/2018,6.5,Red,2400,2600,2500,
,20/01/2018,5,Red,2400,2600,2500,
,21/01/2018,6,Red,2375,2450,2400,
,22/01/2018,7.5,Red,2300,2400,2350,
,24/01/2018,8,Red,2225,2400,2300,
,25/01/2018,6.5,Red,2200,2350,2300,
,27/01/2018,6,Red,2300,2425,2350,
,28/01/2018,7,Red,2275,2400,2300,
,29/01/2018,5,Red,2350,2500,2400,
,31/01/2018,5.5,Red,2270,2400,2350,
Bangarmau,01/01/2018,1,Red,2500,2600,2550,
,02/01/2018,1.2,Red,2550,2650,2600,
,03/01/2018,1,Red,2650,2750,2700,
,05/01/2018,1.2,Red,2650,2750,2700,
,06/01/2018,1.2,Red,2650,2750,2700,
,07/01/2018,1,Red,2700,2800,2750,
,08/01/2018,0.5,Red,2750,2850,2800,
,09/01/2018,0.8,Red,2800,2900,2850,
,10/01/2018,0.8,Red,2800,2900,2850,
,12/01/2018,1.2,Red,2850,2950,2900,
,13/01/2018,0.8,Red,2950,3050,3000,
,14/01/2018,1,Red,2950,3050,3000,
,15/01/2018,0.4,Red,2950,3050,3000,
,16/01/2018,0.6,Red,2950,3050,3000,
,17/01/2018,0.7,Red,2750,2850,2800,
,19/01/2018,0.8,Red,2700,2800,2750,
,20/01/2018,0.7,Red,2650,2750,2700,
,21/01/2018,0.8,Red,2650,2750,2700,
,22/01/2018,0.6,Red,2650,2750,2700,
,23/01/2018,0.8,Red,2600,2700,2650,
,24/01/2018,0.6,Red,2500,2600,2550,
,26/01/2018,1.2,Red,2450,2550,2500,
,27/01/2018,0.5,Red,2450,2550,2500,
,28/01/2018,0.8,Red,2400,2500,2450,
,29/01/2018,0.6,Red,2400,2500,2450,
,30/01/2018,0.6,Red,2350,2450,2400,
,31/01/2018,0.5,Red,2400,2500,2450,
Barabanki,01/01/2018,20,Red,3170,3300,3200,
,02/01/2018,18,Red,3200,3260,3240,
,03/01/2018,20,Red,3150,3300,3220,
,04/01/2018,19,Red,3140,3290,3210,
,05/01/2018,15,Red,3150,3240,3200,
,06/01/2018,12,Red,3180,3250,3200,
,08/01/2018,12,Red,3200,3300,3250,
,09/01/2018,11,Red,3250,3400,3300,
,10/01/2018,13,Red,3250,3350,3310,
,11/01/2018,12.5,Red,3200,3370,3310,
,12/01/2018,14,Red,3250,3350,3310,
,13/01/2018,12,Red,3300,3380,3320,
,15/01/2018,12,Red,3300,3380,3350,
,17/01/2018,14,Red,3200,3350,3270,
,18/01/2018,15,Red,3200,3300,3260,
,19/01/2018,15,Red,3200,3300,3250,
,20/01/2018,14,Red,3200,3300,3270,
,22/01/2018,15,Red,3200,3280,3260,
,23/01/2018,16,Red,3180,3300,3250,
,24/01/2018,18,Red,3150,3280,3240,
,25/01/2018,21,Red,3120,3300,3200,
,26/01/2018,15,Red,3150,3250,3200,
,27/01/2018,18,Red,3150,3300,3210,
,29/01/2018,15,Red,3150,3250,3200,
,30/01/2018,18,Red,3050,3150,3100,
,31/01/2018,19,Red,2900,3100,3000,
Baraut,01/01/2018,0.8,Red,NR,NR,3000,
,02/01/2018,0.7,Red,NR,NR,2600,
,03/01/2018,0.8,Red,NR,NR,2600,
,04/01/2018,0.7,Red,NR,NR,2600,
,05/01/2018,0.6,Red,NR,NR,2600,
,06/01/2018,0.7,Red,NR,NR,2600,
,07/01/2018,0.7,Red,NR,NR,2600,
,08/01/2018,0.8,Red,NR,NR,2600,
,09/01/2018,0.7,Red,NR,NR,3000,
,10/01/2018,0.5,Red,NR,NR,3000,
,11/01/2018,0.7,Red,NR,NR,3000,
,12/01/2018,0.5,Red,NR,NR,3000,
,13/01/2018,0.6,Red,NR,NR,2600,
,14/01/2018,0.6,Red,NR,NR,2600,
,15/01/2018,0.5,Red,NR,NR,2600,
,16/01/2018,0.6,Red,NR,NR,2600,
,17/01/2018,0.6,Red,NR,NR,2600,
,18/01/2018,0.5,Red,NR,NR,2600,
,19/01/2018,0.6,Red,NR,NR,2600,
,20/01/2018,0.5,Red,NR,NR,2600,
,21/01/2018,0.4,Red,NR,NR,2600,
,22/01/2018,0.6,Red,NR,NR,2600,
,23/01/2018,0.5,Red,NR,NR,2600,
,24/01/2018,0.5,Red,NR,NR,2600,
,25/01/2018,0.5,Red,NR,NR,2600,
,26/01/2018,0.5,Red,NR,NR,2600,
,27/01/2018,0.5,Red,NR,NR,2600,
,28/01/2018,0.5,Red,NR,NR,2600,
,29/01/2018,0.6,Red,NR,NR,2600,
,30/01/2018,0.6,Red,NR,NR,2600,
,31/01/2018,0.5,Red,NR,NR,2600,
Bareilly,01/01/2018,70,Red,2775,2950,2920,
,02/01/2018,40,Red,2800,2880,2820,
,03/01/2018,18,Red,2750,2850,2800,
,04/01/2018,12,Red,2900,3100,2930,
,05/01/2018,41,Red,2900,3100,2975,
,06/01/2018,35,Red,2950,3100,2985,
,07/01/2018,34,Red,2925,3075,3000,
,08/01/2018,30,Red,2900,3100,3050,
,09/01/2018,35,Red,2930,3100,2990,
,10/01/2018,16,Red,2950,3050,3010,
,11/01/2018,14,Red,2925,3100,3000,
,12/01/2018,45,Red,2900,3000,2975,
,13/01/2018,20,Red,2950,3075,3010,
,14/01/2018,31,Red,2900,3100,2975,
,15/01/2018,28,Red,2950,3050,2990,
,16/01/2018,75,Red,2900,3100,2960,
,17/01/2018,25,Red,2950,3100,3000,
,18/01/2018,20,Red,2950,3100,2975,
,19/01/2018,30,Red,2900,3050,2950,
,20/01/2018,15,Red,2900,3000,2950,
,21/01/2018,28.5,Red,2900,3000,2950,
,22/01/2018,15,Red,2900,3000,2950,
,23/01/2018,20,Red,2900,3000,2950,
,24/01/2018,35,Red,2900,3000,2970,
,25/01/2018,50,Red,2900,3000,2950,
,26/01/2018,71,Red,2800,2925,2850,
,27/01/2018,30,Red,2800,2950,2900,
,28/01/2018,33,Red,2850,2950,2900,
,29/01/2018,45,Red,2850,2950,2900,
Barhaj,06/01/2018,5,Red,3000,3150,3100,
,07/01/2018,2,Red,3000,3150,3100,
,08/01/2018,3,Red,3000,3200,3100,
,09/01/2018,2,Red,2850,3000,2900,
,10/01/2018,1.5,Red,2750,2900,2800,
,11/01/2018,1,Red,2850,3000,2900,
,12/01/2018,1,Red,3200,3300,3250,
,16/01/2018,1,Red,2850,2950,2900,
,17/01/2018,1,Red,2850,2950,2900,
Basti,01/01/2018,7,Red,3000,3200,3100,
,02/01/2018,6.5,Red,3100,3300,3200,
,03/01/2018,9,Red,3100,3300,3200,
,04/01/2018,7.5,Red,3100,3300,3200,
,05/01/2018,10,Red,3100,3300,3200,
,06/01/2018,9,Red,3100,3300,3200,
,07/01/2018,6,Red,3100,3300,3200,
,08/01/2018,7,Red,3100,3300,3200,
,09/01/2018,8.5,Red,3100,3300,3200,
,10/01/2018,9,Red,3100,3300,3200,
,11/01/2018,6.5, ,NR,NR,NR,
,12/01/2018,5,Red,3100,3300,3220,
,13/01/2018,7,Red,3150,3300,3220,
,14/01/2018,9.5,Red,3150,3300,3220,
,15/01/2018,6,Red,3150,3300,3220,
,16/01/2018,7.5,Red,3150,3300,3220,
,17/01/2018,5.5,Red,3150,3300,3220,
,18/01/2018,4.5,Red,3150,3350,3250,
,19/01/2018,7,Red,3200,3300,3250,
,20/01/2018,9,Red,3200,3300,3250,
,21/01/2018,6,Red,3200,3300,3250,
,22/01/2018,8.5,Red,3200,3300,3250,
,23/01/2018,5,Red,3200,3300,3250,
,24/01/2018,7.5,Red,3100,3250,3160,
,25/01/2018,8,Red,3100,3250,3175,
,27/01/2018,6,Red,3000,3200,3100,
,28/01/2018,9,Red,3000,3200,3100,
,29/01/2018,7,Red,3000,3200,3100,
,30/01/2018,5.5,Red,3000,3200,3100,
Bewar,03/01/2018,0.06,Hybrid,2100,2250,2200,
,04/01/2018,0.06,Hybrid,2700,3200,3100,
,09/01/2018,0.06,Hybrid,2400,2600,2500,
,12/01/2018,0.06,Hybrid,2400,2600,2500,
,15/01/2018,0.06,Hybrid,2400,2600,2500,
,16/01/2018,0.06,Hybrid,2300,2400,2350,
,19/01/2018,0.06,Hybrid,2000,2150,2100,
,20/01/2018,0.05,Hybrid,2100,2300,2200,
,23/01/2018,0.04,Hybrid,2000,2200,2100,
,27/01/2018,0.1,Red,2200,2400,2300,
,30/01/2018,1.8,Red,2350,2450,2400,
Bharthna,01/01/2018,3.5,Red,2850,3180,3000,
,02/01/2018,3.8,Red,2820,3100,2950,
,03/01/2018,3.6,Red,2850,3100,2980,
,04/01/2018,3.5,Red,2860,3140,3000,
,05/01/2018,2.8,Red,3000,3380,3200,
,06/01/2018,2.5,Red,3140,3460,3300,
,08/01/2018,2.7,Red,3100,3400,3240,
,09/01/2018,2.5,Red,3140,3450,3300,
,10/01/2018,2.7,Red,3100,3420,3250,
,11/01/2018,2.5,Red,3140,3400,3300,
,12/01/2018,2.8,Red,3040,3300,3200,
,13/01/2018,3,Red,2950,3240,3100,
,15/01/2018,3.2,Red,2850,3140,3000,
,16/01/2018,3.5,Red,2800,3050,2900,
,17/01/2018,3.2,Red,2720,3100,2950,
,18/01/2018,3,Red,2850,3120,3000,
,19/01/2018,3.5,Red,2700,2970,2840,
,20/01/2018,3.4,Red,2700,2980,2850,
,22/01/2018,4,Red,2650,2850,2740,
,23/01/2018,3.8,Red,2680,2900,2750,
,24/01/2018,3.5,Red,2840,3240,3000,
,25/01/2018,4,Red,2500,2840,2700,
,27/01/2018,5,Red,2440,2700,2550,
,29/01/2018,5,Red,2350,2700,2500,
,30/01/2018,4,Red,2370,2740,2650,
,31/01/2018,3.5,Red,2370,2740,2650,
Bharuasumerpur,02/01/2018,1,Red,2200,2700,2500,
,05/01/2018,2,Red,2200,2600,2400,
,07/01/2018,1,Red,2400,3200,2800,
,09/01/2018,1,Red,2800,3500,3000,
,10/01/2018,3,Red,2600,3300,3000,
,12/01/2018,1,Red,2500,3200,2800,
,13/01/2018,2,Red,2600,3400,3000,
,14/01/2018,4,Red,2700,3500,3000,
,15/01/2018,4,Red,2600,3500,3000,
,16/01/2018,2,Red,2600,3300,3000,
,17/01/2018,1.5,Red,2600,3400,3000,
,19/01/2018,2,Red,2600,3300,3000,
,21/01/2018,2,Red,2500,3100,2700,
,23/01/2018,1.5,Red,2200,2800,2500,
,24/01/2018,2,Red,2200,2600,2500,
,27/01/2018,1,Red,2000,2700,2400,
,28/01/2018,2,Red,2100,2700,2400,
,29/01/2018,1,Red,2200,2700,2400,
,30/01/2018,2,Red,2100,2650,2400,
,31/01/2018,1,Red,1900,2600,2400,
Bijnaur,01/01/2018,1.4,Red,2950,3040,3000,
,02/01/2018,1,Red,2900,3000,2950,
,03/01/2018,0.9,Red,2930,3020,2980,
,04/01/2018,1,Red,2960,3020,2985,
,05/01/2018,0.9,Red,2920,3040,2980,
,06/01/2018,1,Red,2900,3000,2950,
,07/01/2018,0.9,Red,2910,2980,2940,
,08/01/2018,1,Red,2900,2970,2930,
,09/01/2018,1.2,Red,2860,2940,2900,
,10/01/2018,1.3,Red,2850,2930,2890,
,11/01/2018,1.2,Red,2840,2910,2880,
,12/01/2018,1,Red,2950,3050,3000,
,13/01/2018,1.2,Red,2960,3030,3000,
,14/01/2018,0.9,Red,2960,3050,3000,
,15/01/2018,1,Red,2960,3040,3000,
,16/01/2018,1.2,Red,2970,3060,3010,
,17/01/2018,1,Red,2950,3040,3000,
,18/01/2018,1.2,Red,3000,3070,3030,
,19/01/2018,1.5,Red,3000,3090,3050,
,20/01/2018,1,Red,3040,3110,3080,
,21/01/2018,1.1,Red,3060,3140,3100,
,22/01/2018,1.2,Red,3070,3140,3100,
,23/01/2018,1,Red,3070,3150,3100,
,24/01/2018,1.2,Red,3080,3150,3120,
,25/01/2018,1.3,Red,3100,3170,3130,
,27/01/2018,1,Red,3100,3200,3150,
,28/01/2018,0.9,Red,3140,3210,3180,
,29/01/2018,1,Red,3150,3250,3200,
,30/01/2018,1.4,Red,3000,3090,3050,
Billsadda,25/01/2018,3,Other,2420,2580,2500,
,27/01/2018,5,Other,2250,2500,2410,
,28/01/2018,4,Other,2300,2510,2420,
,29/01/2018,8,Other,2250,2480,2340,
,30/01/2018,5,Other,2300,2515,2410,
,31/01/2018,6,Other,2280,2480,2365,
Bilsi,01/01/2018,1,Red,2900,3130,3000,
,02/01/2018,0.6,Red,2950,3100,3000,
,03/01/2018,0.5,Red,2950,3100,3010,
,05/01/2018,1,Red,2950,3100,3000,
,06/01/2018,0.8,Red,2950,3120,3000,
,07/01/2018,2.5,Red,2900,3040,2950,
,08/01/2018,1,Red,2900,3150,2960,
,09/01/2018,0.5,Red,2800,3000,2850,
,10/01/2018,1.2,Red,2850,3000,2900,
,12/01/2018,0.5,Red,2900,3050,2950,
,15/01/2018,0.8,Red,2850,3000,2900,
,19/01/2018,0.2,Red,2550,2700,2600,
,20/01/2018,0.2,Red,2300,2500,2400,
,21/01/2018,0.5,Red,2350,2500,2400,
,22/01/2018,0.2,Red,2350,2500,2400,
,23/01/2018,0.4,Red,2400,2600,2450,
,24/01/2018,0.3,Red,2600,2850,2700,
,30/01/2018,2,Red,2150,2400,2200,
Bindki,01/01/2018,25,Red,1800,2000,1950,
,02/01/2018,25,Red,1800,2000,1900,
,03/01/2018,24,Red,1800,2000,1950,
,04/01/2018,27,Red,1800,2000,1980,
,05/01/2018,20,Red,1800,2080,1950,
,08/01/2018,20,Red,1900,2100,2000,
,09/01/2018,30,Red,1900,2150,2050,
,17/01/2018,36,Red,2200,2400,2300,
,18/01/2018,38,Red,2200,2500,2340,
,21/01/2018,50,Red,2200,2400,2300,
,22/01/2018,50,Red,2100,2300,2260,
,23/01/2018,55,Red,2100,2300,2250,
,24/01/2018,60,Red,2000,2200,2100,
,25/01/2018,64,Red,2000,2200,2100,
,29/01/2018,30,Red,2000,2250,2150,
,30/01/2018,20,Red,2000,2200,2190,
,31/01/2018,60,Red,2000,2300,2180,
Buland Shahr,02/01/2018,2.5,Red,2400,2900,2800,
,03/01/2018,2.8,Red,2400,2900,2830,
,08/01/2018,1.5,Red,2300,2800,2700,
,09/01/2018,2,Red,2300,2800,2700,
,10/01/2018,1.8,Red,2250,2800,2720,
,11/01/2018,2,Red,2300,2800,2750,
,12/01/2018,2.5,Red,2300,2800,2730,
,13/01/2018,2.8,Red,2300,2800,2750,
,15/01/2018,1.5,Red,2300,2800,2740,
,16/01/2018,1.6,Red,2300,2800,2700,
,17/01/2018,2,Red,2300,2800,2700,
,18/01/2018,2,Red,2300,2800,2750,
,19/01/2018,2,Red,2300,2800,2650,
,20/01/2018,2.5,Red,2300,2800,2700,
,22/01/2018,2.5,Red,2300,2800,2730,
,23/01/2018,2,Red,2300,2800,2700,
,24/01/2018,2.2,Red,2300,2800,2730,
,25/01/2018,2,Red,2300,2800,2700,
,27/01/2018,2,Red,2300,2800,2700,
,29/01/2018,2,Red,2300,2800,2770,
,30/01/2018,2,Red,2200,2700,2600,
,31/01/2018,2.5,Red,2200,2700,2610,
Chaandpur,01/01/2018,1,Red,2100,2200,2150,
,02/01/2018,1,Red,2000,2150,2100,
,03/01/2018,1,Red,2000,2100,2050,
,04/01/2018,1,Red,2100,2200,2150,
,05/01/2018,1,Red,2000,2150,2100,
,06/01/2018,1,Red,2100,2150,2130,
,07/01/2018,1,Red,2100,2200,2150,
,08/01/2018,1,Red,2100,2200,2150,
,09/01/2018,1,Red,2000,2100,2050,
,10/01/2018,1,Other,2000,2100,2050,
,11/01/2018,1,Red,2100,2200,2150,
,12/01/2018,1,Red,2100,2150,2120,
,13/01/2018,1,Red,2100,2200,2150,
,14/01/2018,1,Red,2000,2100,2050,
,15/01/2018,1,Red,2300,2400,2350,
,16/01/2018,1,Red,2400,2500,2450,
,17/01/2018,1,Red,2200,2300,2250,
,18/01/2018,1,Red,2300,2400,2350,
,20/01/2018,1,Red,2500,2600,2550,
,21/01/2018,1,Red,2300,2400,2350,
,22/01/2018,1,Red,2300,2400,2350,
,23/01/2018,1,Red,2400,2500,2450,
,25/01/2018,1,Red,2400,2500,2450,
,26/01/2018,1,Red,2400,2450,2430,
,27/01/2018,2,Red,2400,2450,2450,
,28/01/2018,2,Red,2400,2500,2450,
,29/01/2018,2,Red,2400,2500,2450,
,30/01/2018,1,Red,2300,2400,2350,
Chandausi,02/01/2018,4.2,Red,3070,3200,3125,
,03/01/2018,5.5,Red,3080,3200,3140,
,04/01/2018,5,Red,3100,3200,3150,
,05/01/2018,4.2,Red,3100,3220,3160,
,06/01/2018,4.5,Red,3100,3200,3155,
,07/01/2018,4,Red,3100,3225,3160,
,08/01/2018,5.5,Red,3100,3200,3145,
,09/01/2018,5,Red,3100,3200,3140,
,10/01/2018,4.5,Red,3100,3200,3155,
,11/01/2018,6.5,Red,3110,3220,3160,
,12/01/2018,5.5,Red,3100,3200,3150,
,13/01/2018,5,Red,3100,3225,3165,
,14/01/2018,4.5,Red,3050,3250,3150,
,15/01/2018,5,Red,3060,3260,3155,
,16/01/2018,4.5,Red,3050,3250,3145,
,17/01/2018,5.5,Red,3050,3250,3150,
,18/01/2018,5,Red,3060,3260,3160,
,19/01/2018,6,Red,3050,3250,3155,
,20/01/2018,5,Red,3050,3250,3145,
,21/01/2018,4.5,Red,3050,3250,3150,
,22/01/2018,5.2,Red,3060,3260,3160,
,23/01/2018,5,Red,3050,3250,3145,
,24/01/2018,6.5,Red,3050,3250,3155,
,25/01/2018,5.2,Red,3060,3260,3160,
,26/01/2018,4.5,Red,3050,3250,3150,
,27/01/2018,3.5,Red,3015,3250,3145,
,28/01/2018,4.6,Red,3050,3250,3155,
,29/01/2018,5,Red,3040,3240,3140,
,30/01/2018,4.5,Red,3050,3250,3145,
,31/01/2018,4.2,Red,3050,3250,3150,
Chandoli,02/01/2018,2.5,Red,2800,2880,2840,
,03/01/2018,6.3,Red,2960,3040,3000,
,04/01/2018,4,Red,3060,3140,3100,
,05/01/2018,1.2,Red,3090,3170,3130,
,06/01/2018,8.7,Red,3120,3180,3150,
,08/01/2018,3,Red,3140,3220,3180,
,09/01/2018,2.5,Red,3060,3140,3100,
,10/01/2018,4.6,Red,3020,3100,3060,
,11/01/2018,4,Red,2980,3060,3020,
,12/01/2018,3.5,Red,3000,3050,3025,
,13/01/2018,2.7,Red,2960,3040,3000,
,15/01/2018,6,Red,3060,3140,3100,
,16/01/2018,3.5,Red,3040,3120,3080,
,17/01/2018,4.2,Red,3070,3130,3100,
,18/01/2018,2.7,Red,3035,3115,3075,
,19/01/2018,4,Red,3010,3090,3050,
,20/01/2018,4.7,Red,3060,3140,3100,
,22/01/2018,6.5,Red,2980,3060,3020,
,23/01/2018,3.2,Red,2960,3040,3000,
,24/01/2018,11.2,Red,2940,3020,2980,
,25/01/2018,9.9,Red,2950,3030,2990,
,26/01/2018,7.3,Red,2910,2990,2950,
,27/01/2018,8.6,Red,2890,2970,2930,
,29/01/2018,11.2,Red,2880,2960,2920,
,30/01/2018,7.5,Red,2900,2980,2940,
,31/01/2018,3.7,Red,2760,2840,2800,
Charra,02/01/2018,1.5,Red,2850,2900,2875,
,04/01/2018,1,Red,2875,2925,2900,
,08/01/2018,1,Red,3000,3050,3025,
,12/01/2018,1,Red,3000,3050,3025,
,15/01/2018,1,Red,3000,3100,3050,
,18/01/2018,1,Red,2900,3000,2950,
,23/01/2018,1,Red,2975,3025,3000,
,25/01/2018,1,Red,3000,3050,3025,
,26/01/2018,1,Red,3000,3050,3025,
,29/01/2018,1,Red,3025,3075,3050,
Chhibramau(Kannuj),01/01/2018,2,Red,2900,3100,3000,
,02/01/2018,2,Red,3000,3300,3100,
,03/01/2018,1,Red,3000,3200,3120,
,05/01/2018,2,Red,3000,3100,3050,
,06/01/2018,1,Red,3300,3500,3400,
,07/01/2018,2,Red,3300,3450,3350,
,08/01/2018,3,Red,3200,3320,3300,
,09/01/2018,2,Red,3200,3340,3300,
,10/01/2018,1,Red,3340,3450,3400,
,12/01/2018,1,Red,3200,3400,3350,
,13/01/2018,1,Red,3300,3400,3340,
,14/01/2018,2,Red,3300,3400,3340,
,15/01/2018,1,Red,3300,3400,3350,
,16/01/2018,2,Red,3400,3600,3500,
,17/01/2018,3,Red,3400,3550,3510,
,19/01/2018,1.2,Red,3400,3550,3500,
,20/01/2018,1,Red,3400,3500,3450,
,21/01/2018,2,Red,3400,3650,3600,
,22/01/2018,1,Red,3450,3550,3500,
,23/01/2018,1,Red,3400,3540,3500,
,24/01/2018,1,Red,3400,3600,3550,
,27/01/2018,1,Red,3400,3560,3500,
,28/01/2018,1,Red,3400,3560,3510,
,29/01/2018,1,Red,3300,3500,3400,
,30/01/2018,1,Red,3400,3500,3420,
,31/01/2018,1,Red,3000,3100,3050,
Chirgaon,17/01/2018,16,Onion,2000,2400,2360,
,18/01/2018,14,Onion,2000,2400,2350,
,19/01/2018,10,Onion,2000,2350,2300,
,20/01/2018,12,Nasik,2000,2350,2310,
,23/01/2018,12,Onion,2000,2400,2320,
,25/01/2018,10,Onion,2000,2300,2250,
Chitwadagaon,01/01/2018,1.7,Other,2800,2900,2850,
,02/01/2018,10,Other,2700,2800,2750,
,03/01/2018,10,Other,2850,3000,2900,
,04/01/2018,1.9,Other,2800,2900,2850,
,06/01/2018,10,Other,2700,2800,2750,
,08/01/2018,10,Other,2800,2900,2850,
,09/01/2018,10,Other,2800,2900,2850,
,10/01/2018,9,Other,2800,2900,2850,
,11/01/2018,10,Other,2800,3000,2900,
,12/01/2018,2.2,Other,2700,2800,2750,
,15/01/2018,10,Other,2750,2850,2800,
,16/01/2018,10,Other,2800,2900,2850,
,17/01/2018,1.8,Other,2800,2900,2850,
,18/01/2018,10,Other,2800,2900,2850,
,19/01/2018,10,Other,2800,2900,2850,
,20/01/2018,10,Other,2800,3000,2900,
,21/01/2018,9,Other,2900,3000,2950,
,23/01/2018,10,Other,2750,2900,2800,
,24/01/2018,10,Other,2800,2900,2850,
,25/01/2018,4,Other,2850,3000,2925,
,26/01/2018,6,Other,2800,2900,2850,
,27/01/2018,4,Other,2700,2800,2750,
,29/01/2018,10,Other,2800,2900,2850,
,30/01/2018,15,Other,2550,2700,2600,
,31/01/2018,10,Other,2700,2800,2750,
Chorichora,01/01/2018,8,Red,3000,3150,3050,
,02/01/2018,7,Red,3000,3100,3060,
,03/01/2018,7.5,Red,3000,3125,3050,
,04/01/2018,8,Red,2920,3100,3000,
,05/01/2018,6,Red,3060,3140,3100,
,06/01/2018,6.5,Red,3020,3080,3050,
,08/01/2018,5,Red,3100,3230,3150,
,09/01/2018,4.5,Red,3130,3190,3160,
,10/01/2018,5,Red,3100,3220,3150,
,11/01/2018,4,Red,3125,3250,3170,
,12/01/2018,3,Red,3130,3275,3200,
,13/01/2018,3.5,Red,3170,3240,3200,
,15/01/2018,3,Red,3200,3250,3220,
,16/01/2018,4,Red,3200,3250,3230,
,17/01/2018,5,Red,3200,3250,3220,
,18/01/2018,4,Red,3190,3325,3250,
,19/01/2018,3.5,Red,3240,3300,3270,
,20/01/2018,3,Red,3215,3350,3275,
,22/01/2018,5,Red,3140,3265,3200,
,23/01/2018,4,Red,3180,3240,3210,
,24/01/2018,3,Red,3200,3280,3240,
,25/01/2018,3,Red,3220,3280,3245,
,29/01/2018,4,Red,3190,3250,3220,
,30/01/2018,3.5,Red,3175,3270,3230,
,31/01/2018,6,Red,2650,2760,2700,
Choubepur,01/01/2018,4,Red,2475,2675,2575,
,02/01/2018,4.5,Red,2450,2650,2550,
,03/01/2018,4.8,Red,2400,2600,2500,
,04/01/2018,4.7,Red,2425,2625,2525,
,05/01/2018,1.8,Red,1200,1400,1300,
,06/01/2018,4.5,Red,2475,2675,2575,
,08/01/2018,3.8,Red,2500,2700,2600,
,09/01/2018,4.2,Red,2450,2650,2550,
,10/01/2018,4,Red,2475,2675,2575,
,11/01/2018,3.5,Red,2450,2650,2550,
,12/01/2018,4.5,Red,2475,2675,2575,
,13/01/2018,4,Red,2450,2650,2550,
,15/01/2018,5,Red,2425,2625,2525,
,16/01/2018,2.3,Red,9050,9250,9150,
,17/01/2018,4.2,Red,2425,2625,2525,
,18/01/2018,4.8,Red,2450,2650,2550,
,19/01/2018,5,Red,2500,2700,2600,
,20/01/2018,4.5,Red,2475,2675,2575,
,22/01/2018,4.4,Red,2450,2650,2550,
,23/01/2018,4.6,Red,2480,2680,2580,
,24/01/2018,4.5,Red,2475,2675,2575,
,25/01/2018,5,Red,2500,2700,2600,
,26/01/2018,4,Red,2675,2875,2775,
,27/01/2018,3.5,Red,2800,3000,2900,
,29/01/2018,4.2,Red,2825,3025,2925,
,30/01/2018,4.8,Red,2775,2975,2875,
,31/01/2018,4.3,Red,2700,2900,2800,
Chutmalpur,01/01/2018,0.2,Red,2700,2900,2800,
,08/01/2018,0.2,Red,3100,3300,3200,
,11/01/2018,0.1, ,NR,NR,NR,
,12/01/2018,0.1,Red,3450,3600,3500,
,15/01/2018,0.6,Red,3100,3300,3200,
,20/01/2018,0.1,Red,3450,3600,3500,
,24/01/2018,0.5,Red,3500,3700,3600,
,27/01/2018,0.7,Red,3200,3400,3300,
,30/01/2018,0.2,Red,3100,3300,3200,
Dadri,02/01/2018,5,Red,2700,3100,2900,
,04/01/2018,6,Red,2800,3200,2950,
,05/01/2018,4,Red,2850,3250,3040,
,06/01/2018,5,Red,2850,3250,3020,
,07/01/2018,3,Red,2900,3300,3050,
,08/01/2018,5,Red,2900,3250,3040,
,09/01/2018,6,Red,2850,3200,3000,
,11/01/2018,4,Red,2850,3200,3020,
,12/01/2018,7,Red,2800,3200,3000,
,13/01/2018,5,Red,2850,3220,3040,
,14/01/2018,6,Red,2820,3200,3020,
,15/01/2018,5,Red,2750,3150,2950,
,16/01/2018,5.5,Red,2700,3100,2900,
,18/01/2018,4,Red,2750,3100,2920,
,19/01/2018,5,Red,2700,3100,2900,
,20/01/2018,6,Red,2650,3050,2850,
,21/01/2018,4.5,Red,2700,3050,2860,
,22/01/2018,4,Red,2650,3020,2820,
,23/01/2018,5,Red,2600,3000,2800,
,25/01/2018,3.5,Red,2650,3050,2850,
,26/01/2018,3,Red,2700,3050,2860,
,27/01/2018,5,Red,2650,3050,2850,
,28/01/2018,3.5,Red,2700,3100,2900,
,29/01/2018,5,Red,2650,3050,2860,
,30/01/2018,4,Red,2700,3050,2880,
Devariya,01/01/2018,40,Red,3000,3140,3100,
,02/01/2018,50,Red,3000,3110,3050,
,03/01/2018,60,Red,2950,3060,3000,
,04/01/2018,80,Red,2900,3000,2960,
,05/01/2018,40,Red,3100,3210,3150,
,06/01/2018,20,Red,3150,3260,3200,
,08/01/2018,40,Red,3100,3200,3150,
,09/01/2018,20,Red,3180,3300,3250,
,10/01/2018,20,Red,3250,3340,3300,
,11/01/2018,35,Red,3250,3360,3300,
,12/01/2018,40,Red,3160,3260,3200,
,13/01/2018,50,Red,3125,3250,3180,
,16/01/2018,40,Red,3100,3200,3150,
,17/01/2018,25,Red,3125,3250,3180,
,18/01/2018,30,Red,3120,3210,3160,
,19/01/2018,40,Red,3040,3155,3100,
,20/01/2018,20,Red,3180,3290,3220,
,22/01/2018,20,Red,3200,3290,3250,
,23/01/2018,30,Red,3180,3280,3225,
,24/01/2018,20,Red,3110,3240,3180,
,25/01/2018,25,Red,3160,3250,3200,
,26/01/2018,20,Red,3185,3280,3225,
,27/01/2018,25,Red,3210,3280,3240,
,29/01/2018,35,Red,3150,3210,3180,
,30/01/2018,30,Red,3160,3240,3200,
Devband,01/01/2018,2.2,Red,2200,2500,2300,
,02/01/2018,1.8,Red,2200,2400,2300,
,03/01/2018,2.5,Red,2200,2400,2300,
,09/01/2018,2.5,Red,2200,2400,2300,
,10/01/2018,2.2,Red,2300,2500,2400,
,11/01/2018,2,Red,2200,2400,2300,
,12/01/2018,1.9,Red,2200,2400,2300,
,15/01/2018,2.5,Red,2200,2300,2250,
,16/01/2018,25,Red,2200,2600,2400,
,17/01/2018,2,Red,2300,2600,2400,
,18/01/2018,2,Red,2300,2600,2500,
,20/01/2018,2.5,Red,2400,2700,2600,
,23/01/2018,2.3,Red,2400,2800,2600,
,27/01/2018,2.6,Red,2300,2500,2400,
,29/01/2018,2.3,Red,2400,2600,2500,
,30/01/2018,4,Red,2300,2600,2400,
Dhampur,01/01/2018,10,Red,2500,3200,2800,
,02/01/2018,12,Red,2300,2800,2600,
,03/01/2018,10,Red,2500,3000,2800,
,04/01/2018,10,Red,2500,3000,2750,
,06/01/2018,10,Red,2500,2800,2700,
,07/01/2018,8,Red,2550,3100,2700,
,08/01/2018,10,Red,2500,3000,2700,
,09/01/2018,10,Red,2500,3000,2700,
,10/01/2018,10,Red,2600,3200,2800,
,11/01/2018,7,Red,2500,3100,2700,
,13/01/2018,10,Red,2500,3200,2800,
,14/01/2018,10,Red,2600,3100,2800,
,15/01/2018,13,Red,2500,3000,2800,
,16/01/2018,10,Red,2500,3000,2800,
,17/01/2018,10,Red,2500,3000,2800,
,18/01/2018,10,Red,2500,3000,2750,
,19/01/2018,8,Red,2500,3000,2700,
,20/01/2018,10,Red,2500,3000,2800,
,21/01/2018,10,Red,2500,3000,2700,
,22/01/2018,8,Red,2500,3000,2800,
,23/01/2018,9,Red,2500,3000,2800,
,28/01/2018,10,Red,2600,3200,2800,
,29/01/2018,10,Red,2500,3100,2800,
,30/01/2018,15,Red,2500,3000,2800,
,31/01/2018,12,Red,2500,3100,2800,
Dibiapur,01/01/2018,0.9,Red,3200,3600,3400,
Divai,01/01/2018,0.6,Red,2800,3000,2900,
,02/01/2018,0.6,Red,2800,3000,2900,
,03/01/2018,0.3,Red,2800,3000,2900,
,05/01/2018,0.6,Red,2800,3000,2900,
,06/01/2018,0.6,Red,2800,3000,2900,
,07/01/2018,0.6,Red,2800,3000,2900,
,08/01/2018,0.6,Red,2800,3000,2900,
,09/01/2018,0.6,Red,2800,3000,2900,
,10/01/2018,0.6,Red,2800,3000,2900,
,12/01/2018,0.6,Red,2800,3000,2900,
,13/01/2018,0.6,Red,2800,3000,2900,
,14/01/2018,0.5,Red,2800,3000,2900,
,15/01/2018,0.6,Red,2800,3000,2900,
,16/01/2018,0.3, ,NR,NR,NR,
,17/01/2018,0.6,Red,2800,3000,2900,
,19/01/2018,0.5,Red,2800,3000,2900,
,20/01/2018,0.3,Red,2800,3000,2900,
,21/01/2018,0.3,Red,2800,3000,2900,
,22/01/2018,0.6,Red,2800,3000,2900,
,23/01/2018,0.3,Red,2800,3000,2900,
,24/01/2018,0.6,Red,2800,3000,2900,
,26/01/2018,0.6,Red,2800,3000,2900,
,27/01/2018,0.6,Red,2800,3000,2900,
,28/01/2018,0.6,Red,2800,3000,2900,
,29/01/2018,0.6,Red,2800,3000,2900,
,30/01/2018,0.5,Red,2800,3000,2900,
,31/01/2018,0.6,Red,2800,3000,2900,
Dudhi,02/01/2018,0.2,Other,2500,3000,3000,
,06/01/2018,0.4,Other,2500,3000,3000,
,08/01/2018,1.1,Other,3000,3200,3200,
,09/01/2018,1.2,Other,2500,3000,3000,
,10/01/2018,0.4,Other,2000,2500,2500,
,11/01/2018,0.5,Other,2000,2100,2100,
,16/01/2018,0.4,Other,3500,4000,4000,
,17/01/2018,0.4,Other,3000,3500,3500,
,18/01/2018,0.4,Other,3000,3500,3500,
,19/01/2018,0.4,Other,3000,3500,3500,
,20/01/2018,0.2,Other,3000,3500,3500,
,22/01/2018,0.4,Other,3000,3500,3500,
,24/01/2018,0.5,Other,3000,3200,3200,
,29/01/2018,0.5,Other,3000,3500,3500,
,31/01/2018,0.5,Other,3000,3200,3200,
Etah,02/01/2018,3,Big,2800,3100,3000,
,03/01/2018,13,Big,3000,3200,3100,
,04/01/2018,6,Big,3200,3500,3350,
,05/01/2018,1.5,Big,3250,3750,3400,
,06/01/2018,8,Big,3650,4100,3900,
,07/01/2018,6,Big,3800,4100,3950,
,08/01/2018,5,Big,3700,3900,3850,
,09/01/2018,5,Big,3700,4000,3850,
,10/01/2018,6,Big,3500,4000,3800,
,11/01/2018,5,Big,3200,3650,3500,
,12/01/2018,4,Big,3400,3700,3500,
,13/01/2018,5,Big,3400,3600,3500,
,14/01/2018,4,Big,3300,3600,3480,
,15/01/2018,5,Big,3280,3580,3460,
,16/01/2018,4,Big,3300,3600,3440,
,17/01/2018,4.5,Big,3280,3600,3430,
,18/01/2018,4,Big,3200,3600,3400,
,20/01/2018,6,Big,2700,2900,2800,
,21/01/2018,4,Big,2600,2940,2810,
,22/01/2018,3,Big,3000,3300,3200,
,23/01/2018,3,Big,2600,3000,2800,
,24/01/2018,2,Big,2300,2700,2550,
,25/01/2018,4,Big,2500,2800,2700,
,26/01/2018,3,Big,2700,2900,2800,
,27/01/2018,4,Big,3000,3150,3050,
,28/01/2018,2,Big,2900,3100,3000,
,29/01/2018,4,Big,2950,3300,3050,
,30/01/2018,6,Big,2800,3000,2900,
,31/01/2018,12,Big,2400,2800,2600,
Etawah,01/01/2018,23,Red,2750,3100,2950,
,02/01/2018,22.5,Red,2700,3100,2950,
,03/01/2018,18,Red,3150,3600,3450,
,04/01/2018,28,Red,2950,3400,3150,
,05/01/2018,35,Red,2950,3400,3150,
,06/01/2018,43,Red,2950,3400,3150,
,08/01/2018,38,Red,2950,3400,3150,
,09/01/2018,35,Red,3000,3400,3200,
,10/01/2018,38,Red,2700,3100,2900,
,11/01/2018,46,Red,2700,3100,2900,
,12/01/2018,37,Red,2650,3100,2900,
,13/01/2018,39,Red,2550,2900,2700,
,15/01/2018,29,Red,2500,2900,2700,
,16/01/2018,31,Red,2500,2900,2700,
,17/01/2018,28,Red,2500,2900,2700,
,18/01/2018,60,Red,2500,2900,2700,
,19/01/2018,65,Red,2300,2700,2500,
,20/01/2018,70,Red,1900,2300,2100,
,24/01/2018,40,Red,2000,2350,2200,
,25/01/2018,25,Red,2100,2600,2400,
,27/01/2018,34,Red,2150,2600,2400,
,29/01/2018,70,Red,2150,2600,2400,
,30/01/2018,65,Red,2150,2600,2400,
,31/01/2018,70,Red,2150,2600,2350,
Faizabad,01/01/2018,5,Red,3450,3600,3500,
,02/01/2018,5,Red,3450,3600,3500,
,03/01/2018,6.4,Red,3200,3500,3300,
,04/01/2018,2.9,Red,3200,3500,3300,
,05/01/2018,19.5,Red,3550,3800,3600,
,07/01/2018,3,Red,3650,3800,3700,
,08/01/2018,20,Red,3500,3800,3600,
,09/01/2018,41,Red,3500,3800,3600,
,10/01/2018,3,Red,3300,3500,3400,
,11/01/2018,4,Red,3350,3500,3400,
,13/01/2018,4,Red,3500,3700,3600,
,14/01/2018,3,Red,3500,3700,3600,
,15/01/2018,5,Red,3450,3600,3500,
,16/01/2018,4,Red,3250,3400,3300,
,17/01/2018,5,Red,3150,3300,3200,
,18/01/2018,3,Red,3100,3300,3200,
,19/01/2018,5,Red,3200,3400,3300,
,20/01/2018,3,Red,3200,3400,3300,
,21/01/2018,5,Red,3200,3400,3300,
,22/01/2018,5,Red,3100,3400,3200,
,23/01/2018,5,Red,3100,3400,3200,
,24/01/2018,4,Red,3300,3500,3400,
,25/01/2018,3,Red,3300,3500,3400,
,26/01/2018,2,Red,3300,3500,3400,
,27/01/2018,3,Red,3150,3300,3200,
,28/01/2018,20,Red,2800,3000,2900,
,30/01/2018,3,Red,2900,3100,3000,
Farukhabad,01/01/2018,9,Red,3000,3100,3050,
,02/01/2018,11,Red,3000,3100,3050,
,03/01/2018,5,Red,2950,3050,3000,
,04/01/2018,10,Red,3000,3150,3100,
,05/01/2018,9,Red,3000,3150,3100,
,06/01/2018,8,Red,3100,3200,3150,
,08/01/2018,10,Red,3050,3200,3150,
,09/01/2018,5,Red,3000,3150,3100,
,10/01/2018,10,Red,3000,3150,3100,
,11/01/2018,9,Red,3050,3200,3150,
,12/01/2018,11,Red,3050,3200,3150,
,13/01/2018,10,Red,3050,3200,3150,
,15/01/2018,12,Red,3000,3150,3100,
,16/01/2018,12.5,Red,3000,3100,3050,
,17/01/2018,13,Red,3000,3100,3050,
,18/01/2018,13.5,Red,2950,3050,3000,
,19/01/2018,4,Red,2900,3000,2950,
,20/01/2018,14,Red,2850,2950,2900,
,22/01/2018,12.5,Red,2850,2950,2900,
,23/01/2018,12.8,Red,2780,2860,2820,
,24/01/2018,13,Red,2700,2800,2750,
,25/01/2018,14,Red,2650,2800,2750,
,27/01/2018,15,Red,2600,2750,2700,
,29/01/2018,13,Red,2600,2750,2700,
,30/01/2018,14.5,Red,2600,2700,2650,
,31/01/2018,14,Red,2550,2750,2650,
Fatehabad,01/01/2018,8,Red,2500,2550,2520,
,02/01/2018,6,Red,2400,2520,2450,
,03/01/2018,8,Red,3200,3350,3250,
,04/01/2018,10,Red,3400,3500,3450,
,06/01/2018,14,Red,3400,3450,3420,
,07/01/2018,2.1,Red,2900,3000,2950,
,08/01/2018,16.2,Red,3350,3450,3400,
,09/01/2018,14,Red,3400,3450,3420,
,10/01/2018,12.5,Red,3300,3420,3350,
,11/01/2018,11.5,Red,3300,3370,3340,
,13/01/2018,11.5,Red,3350,3420,3400,
,14/01/2018,4.2,Red,3320,3370,3350,
,15/01/2018,11.6,Red,3300,3350,3330,
,16/01/2018,10,Red,3300,3350,3320,
,17/01/2018,12.5,Red,2400,2450,2430,
,18/01/2018,12,Red,2400,2450,2430,
,20/01/2018,5,Red,2430,2480,2450,
,21/01/2018,2.1,Red,2900,3100,3000,
,22/01/2018,4.2,Red,2480,2520,2500,
,23/01/2018,12,Red,2500,2550,2520,
,24/01/2018,6.3,Red,2500,2550,2530,
,25/01/2018,3.2,Red,2500,2550,2530,
,27/01/2018,12,Red,2500,2550,2530,
,28/01/2018,8,Red,2500,2600,2550,
,29/01/2018,7,Red,2400,2450,2420,
,30/01/2018,15.6,Red,2520,2580,2550,
,31/01/2018,7.2,Red,2500,2550,2530,
Fatehpur,01/01/2018,64,Red,2530,2710,2660,
,02/01/2018,68.5,Red,2550,2750,2650,
,03/01/2018,55,Red,2600,2850,2730,
,05/01/2018,32,Red,2800,3050,2910,
,06/01/2018,27,Red,2900,3100,3000,
,07/01/2018,18,Red,2980,3150,3050,
,08/01/2018,22,Red,2970,3180,3060,
,09/01/2018,24.5,Red,3000,3220,3110,
,12/01/2018,67.5,Red,2400,2600,2520,
,13/01/2018,87,Red,2150,2550,2380,
,14/01/2018,15,Red,2300,2500,2400,
,15/01/2018,45,Red,2000,2300,2200,
,16/01/2018,38,Red,2000,2450,2250,
,17/01/2018,9,Red,2400,2600,2520,
,19/01/2018,7,Red,2600,2800,2750,
,20/01/2018,8,Red,2650,2800,2730,
,21/01/2018,12,Red,2300,2700,2580,
,22/01/2018,15,Red,2350,2650,2460,
,23/01/2018,28,Red,2200,2450,2320,
,24/01/2018,36,Red,2100,2400,2300,
,27/01/2018,58,Red,2300,2600,2500,
,28/01/2018,35,Red,2550,2800,2700,
,29/01/2018,38,Red,2650,2800,2720,
,30/01/2018,45,Red,2500,2750,2660,
,31/01/2018,52,Red,2400,2650,2570,
Fatehpur Sikri,01/01/2018,1.2,Red,2800,3180,2940,
,02/01/2018,1.3,Red,2700,2900,2800,
,03/01/2018,1,Red,2900,3140,3020,
,04/01/2018,0.8,Red,3200,3480,3340,
,05/01/2018,1,Red,3000,3160,3080,
,06/01/2018,0.8,Red,2950,3150,3050,
,08/01/2018,0.9,Red,2900,3120,3020,
,09/01/2018,0.7,Red,3000,3120,3060,
,10/01/2018,0.8, ,NR,NR,NR,
,11/01/2018,0.7,Red,2900,3150,3040,
,12/01/2018,0.8,Red,2900,3140,3020,
,13/01/2018,0.7,Red,2950,3150,3050,
,15/01/2018,0.6,Red,3000,3160,3080,
,16/01/2018,0.7,Red,3000,3120,3060,
,17/01/2018,0.8,Red,2950,3150,3050,
,18/01/2018,0.6,Red,3100,3400,3250,
,19/01/2018,0.8,Red,2950,3150,3050,
,20/01/2018,0.7,Red,3000,3160,3080,
,22/01/2018,1,Red,2860,3040,2960,
,23/01/2018,0.7,Red,2800,3040,2920,
,24/01/2018,0.6,Red,2840,3020,2940,
,25/01/2018,0.8,Red,2800,2940,2860,
,27/01/2018,1,Red,2750,2980,2870,
,29/01/2018,0.8,Red,2900,3180,3050,
,30/01/2018,0.9,Red,2900,3140,3020,
,31/01/2018,1,Red,2850,3050,2950,
Firozabad,06/01/2018,8.6,Red,1500,1700,1600,
,07/01/2018,4.6,Red,1500,1700,1600,
,09/01/2018,10.8,Red,1500,1700,1600,
,10/01/2018,2,Red,1500,1700,1600,
,12/01/2018,20.8,Red,1500,1700,1600,
,13/01/2018,12.1,Red,1500,1700,1600,
,15/01/2018,8,Red,1500,1700,1600,
,16/01/2018,2,Red,1500,1700,1600,
,18/01/2018,13,Red,1500,1700,1600,
,19/01/2018,10.4,Red,1500,1700,1600,
,22/01/2018,13.2,Red,1500,1700,1600,
,24/01/2018,17,Red,1500,1700,1600,
,26/01/2018,14,Red,1500,1700,1600,
,27/01/2018,25.8,Red,1600,1800,1700,
,28/01/2018,4.8,Red,1500,1700,1600,
,29/01/2018,14,Red,1500,1700,1600,
,30/01/2018,20.3,Red,1700,1900,1800,
,31/01/2018,12,Red,1700,1900,1800,
Gangoh,01/01/2018,0.3,Red,2975,3050,3000,
,02/01/2018,0.3,Red,2850,3045,2995,
,03/01/2018,0.4,Red,2850,3040,2990,
,04/01/2018,0.3,Red,2870,3000,2985,
,05/01/2018,0.3,Red,2865,3000,2980,
,06/01/2018,0.2,Red,2860,3000,2985,
,07/01/2018,0.3,Red,2865,3000,2980,
,08/01/2018,0.3,Red,2860,3000,2985,
,09/01/2018,0.3,Red,2860,3100,3000,
,10/01/2018,0.3,Red,2985,3055,3000,
,11/01/2018,0.4,Red,2890,3035,3010,
,12/01/2018,0.3,Red,2895,2965,2910,
,14/01/2018,0.3,Red,2865,2995,2980,
,15/01/2018,0.3,Red,2860,2992,2985,
,16/01/2018,0.3,Red,2865,2990,2980,
,17/01/2018,0.2,Red,2865,2990,2985,
,18/01/2018,0.3,Red,2860,3000,2990,
,19/01/2018,0.2,Red,2865,3000,2995,
,20/01/2018,0.3,Red,2860,3005,2990,
,21/01/2018,0.3,Red,2855,2915,2875,
,22/01/2018,0.3,Red,2850,2915,2870,
,23/01/2018,0.3,Red,2850,2910,2865,
,24/01/2018,0.3,Red,2845,2900,2860,
,25/01/2018,0.4,Red,2840,2905,2865,
,26/01/2018,0.3,Red,2850,2885,2870,
,27/01/2018,0.4,Red,2840,2860,2845,
,28/01/2018,0.3,Red,2840,2865,2860,
,29/01/2018,0.2,Red,2840,2860,2855,
,30/01/2018,0.3,Red,2835,2860,2845,
,31/01/2018,0.3,Red,2830,2845,2840,
Gazipur,01/01/2018,32,Onion,2700,2740,2720,
,02/01/2018,33,Onion,2700,2740,2720,
,03/01/2018,36,Onion,2670,2730,2700,
,04/01/2018,15,Onion,2980,3020,3000,
,05/01/2018,16,Onion,2970,3030,3000,
,06/01/2018,17,Onion,2980,3020,3000,
,08/01/2018,13,Onion,3170,3230,3200,
,09/01/2018,18,Onion,3180,3220,3200,
,10/01/2018,21,Onion,3190,3210,3200,
,11/01/2018,24,Onion,3180,3220,3200,
,12/01/2018,25,Onion,3170,3230,3200,
,13/01/2018,25.5,Onion,3180,3220,3200,
,15/01/2018,26,Onion,3190,3210,3200,
,16/01/2018,19,Onion,3200,3240,3220,
,17/01/2018,20,Onion,3210,3230,3220,
,18/01/2018,23,Onion,3080,3120,3100,
,19/01/2018,25,Onion,3080,3120,3100,
,20/01/2018,26,Onion,3080,3120,3100,
,22/01/2018,29,Onion,3080,3120,3100,
,23/01/2018,18,Onion,3100,3140,3120,
,24/01/2018,20,Onion,3060,3100,3080,
,25/01/2018,22,Onion,3070,3090,3080,
,29/01/2018,27,Onion,2970,3030,3000,
,30/01/2018,31,Onion,2980,3020,3000,
,31/01/2018,34,Onion,2980,3020,3000,
Ghaziabad,01/01/2018,90,Red,2850,3200,3050,
,03/01/2018,85,Red,2950,3150,3060,
,04/01/2018,70,Red,2900,3100,3050,
,05/01/2018,75,Red,2900,3150,3065,
,06/01/2018,65,Red,2900,3150,3060,
,07/01/2018,70,Red,2850,3200,3050,
,08/01/2018,50,Red,2800,3250,3060,
,10/01/2018,80,Red,2900,3150,3050,
,11/01/2018,60,Red,3000,3200,3100,
,12/01/2018,70,Red,3050,3300,3150,
,13/01/2018,50,Red,3100,3350,3250,
,14/01/2018,60,Red,3050,3400,3250,
,15/01/2018,40,Red,2850,3450,3250,
,17/01/2018,80,Red,3050,3400,3240,
,18/01/2018,60,Red,3050,3400,3250,
,19/01/2018,75,Red,2850,3400,3240,
,20/01/2018,65,Red,3150,3300,3250,
,21/01/2018,60,Red,3100,3350,3250,
,22/01/2018,80,Red,3000,3400,3250,
,24/01/2018,70,Red,3150,3350,3270,
,25/01/2018,65,Red,3050,3400,3250,
,26/01/2018,75,Red,3100,3350,3260,
,27/01/2018,60,Red,3100,3350,3250,
,28/01/2018,70,Red,3000,3400,3265,
,29/01/2018,50,Red,3000,3400,3260,
,31/01/2018,80,Red,3150,3400,3270,
Ghiraur,01/01/2018,0.5,Red,2300,2500,2400,
,02/01/2018,0.3,Red,2400,2600,2500,
,03/01/2018,0.4,Red,2500,2600,2550,
,04/01/2018,0.2,Red,2200,2400,2300,
,05/01/2018,0.5,Red,2300,2500,2400,
,07/01/2018,0.2,Red,2500,2700,2600,
,08/01/2018,0.2,Red,2500,2650,2600,
,09/01/2018,0.4,Red,2300,2500,2400,
,10/01/2018,0.4,Red,2600,2800,2700,
,11/01/2018,0.3,Red,2400,2600,2500,
,12/01/2018,0.4,Red,2300,2500,2400,
,14/01/2018,0.4,Red,2100,2250,2200,
,15/01/2018,0.4,Red,2200,2400,2300,
,16/01/2018,0.5,Red,2200,2400,2300,
,17/01/2018,0.5,Red,2200,2300,2250,
,18/01/2018,0.5,Red,2600,2800,2700,
,19/01/2018,0.5,Red,2900,3000,2950,
,21/01/2018,0.4,Red,3000,3200,3100,
,23/01/2018,0.4,Red,2850,3000,2900,
,24/01/2018,0.4,Red,2950,3050,3000,
,25/01/2018,0.6,Red,2700,2850,2800,
,26/01/2018,0.3,Red,2900,3050,3000,
,28/01/2018,0.4,Red,2700,2900,2800,
,29/01/2018,0.5,Red,2800,2900,2850,
,30/01/2018,0.5,Red,2600,2700,2650,
,31/01/2018,0.4,Red,2550,2700,2600,
Golagokarnath,13/01/2018,2,Red,2550,2650,2600,
,15/01/2018,1,Red,1950,2050,2000,
,20/01/2018,0.4,Red,2550,2650,2600,
,29/01/2018,2,Red,1950,2050,2000,
,30/01/2018,1,Red,1950,2050,2000,
Gonda,01/01/2018,6,Red,3350,3450,3400,
,02/01/2018,7,Red,3360,3430,3400,
,03/01/2018,8,Red,3350,3450,3400,
,04/01/2018,6.5,Red,3400,3500,3450,
,05/01/2018,6,Red,3440,3470,3450,
,06/01/2018,6.5,Red,3430,3470,3450,
,08/01/2018,4.5,Red,3320,3370,3350,
,09/01/2018,3.8,Red,3250,3420,3340,
,10/01/2018,4,Red,3300,3380,3340,
,11/01/2018,4.5,Red,3320,3360,3340,
,12/01/2018,4.2,Red,3300,3400,3350,
,13/01/2018,6,Red,3300,3400,3350,
,15/01/2018,3.2,Red,3250,3300,3280,
,16/01/2018,4.5,Red,3200,3280,3250,
,17/01/2018,52,Red,3200,3280,3240,
,18/01/2018,4.5,Red,3200,3280,3250,
,19/01/2018,4.2,Red,3200,3300,3250,
,20/01/2018,5.8,Red,3230,3270,3250,
,22/01/2018,5.2,Red,3280,3320,3300,
,23/01/2018,6,Red,3280,3320,3300,
,24/01/2018,4.8,Red,3250,3350,3300,
,25/01/2018,5.2,Red,3250,3450,3300,
,26/01/2018,5.6,Red,3280,3310,3300,
,27/01/2018,4.5,Red,3300,3320,3310,
,29/01/2018,4.6,Red,3250,3350,3310,
,30/01/2018,5.5,Red,3200,3300,3250,
,31/01/2018,4.5,Red,3230,3280,3250,
Gorakhpur,01/01/2018,100,Red,3000,3120,3065,
,02/01/2018,60,Red,3075,3200,3150,
,03/01/2018,45,Red,3160,3250,3200,
,04/01/2018,66,Red,2970,3040,3000,
,05/01/2018,40,Red,2950,3100,3025,
,06/01/2018,80,Red,2960,3040,3000,
,07/01/2018,40,Red,3100,3225,3150,
,08/01/2018,35,Red,3100,3280,3200,
,09/01/2018,20,Red,3280,3360,3320,
,10/01/2018,80,Red,2320,3425,3300,
,11/01/2018,88,Red,3150,3325,3250,
,12/01/2018,75,Red,3210,3350,3270,
,13/01/2018,80,Red,3280,3330,3300,
,14/01/2018,100,Red,3150,3200,3180,
,15/01/2018,70,Red,3300,3350,3325,
,16/01/2018,60,Red,3270,3350,3300,
,17/01/2018,85,Red,3250,3300,3275,
,18/01/2018,44, ,NR,NR,NR,
,19/01/2018,50,Red,3250,3340,3300,
,20/01/2018,40,Red,3320,3380,3350,
,21/01/2018,55,Red,3300,3415,3360,
,22/01/2018,22,Red,3280,3400,3340,
,23/01/2018,22,Red,3310,3380,3350,
,24/01/2018,45,Red,3200,3320,3275,
,25/01/2018,68,Red,3180,3260,3225,
,27/01/2018,72,Red,3145,3275,3200,
,28/01/2018,45,Red,3190,3265,3225,
,29/01/2018,160,Red,1080,1175,1125,
,30/01/2018,42,Red,3210,3290,3250,
,31/01/2018,140,Red,2700,2820,2750,
Gulavati,01/01/2018,0.2,Other,2488,2492,2490,
,02/01/2018,0.2,Other,2483,2487,2485,
,03/01/2018,0.2,Other,2488,2492,2490,
,04/01/2018,0.2,Other,2498,2502,2500,
,05/01/2018,0.2,Other,2498,2502,2500,
,06/01/2018,0.2,Other,2498,2502,2500,
,07/01/2018,0.2,Other,2498,2502,2500,
,08/01/2018,0.2,Other,2498,2502,2500,
,09/01/2018,0.2,Other,2498,2502,2500,
,10/01/2018,0.2,Other,2498,2502,2500,
,11/01/2018,0.2,Other,2498,2502,2500,
,12/01/2018,0.2,Other,2498,2502,2500,
,13/01/2018,0.1,Other,2498,2502,2500,
,14/01/2018,0.2,Other,2498,2502,2500,
,15/01/2018,0.2,Other,2498,2502,2500,
,16/01/2018,0.2,Other,2503,2507,2505,
,17/01/2018,0.1,Other,2498,2502,2500,
,18/01/2018,0.2,Other,2498,2502,2500,
,19/01/2018,0.1,Other,2498,2502,2500,
,20/01/2018,0.2,Other,2498,2502,2500,
,21/01/2018,0.2,Other,2498,2502,2500,
,22/01/2018,0.2,Other,2498,2502,2500,
,23/01/2018,0.2,Other,2498,2502,2500,
,24/01/2018,0.1,Other,2498,2502,2500,
,25/01/2018,0.2,Other,2498,2502,2500,
,26/01/2018,0.2,Other,2498,2502,2500,
,27/01/2018,0.1,Other,2498,2502,2500,
,28/01/2018,0.1,Other,2498,2502,2500,
,29/01/2018,0.1,Other,2498,2502,2500,
,30/01/2018,0.2,Other,2498,2502,2500,
,31/01/2018,0.1,Other,2498,2502,2500,
Gurusarai,01/01/2018,0.2,Other,2160,2240,2200,
,02/01/2018,0.5,Other,2100,2200,2150,
,03/01/2018,0.2,Other,2100,2200,2150,
,04/01/2018,0.5,Other,2100,2200,2150,
,05/01/2018,0.2,Other,2150,2250,2200,
,07/01/2018,0.5,Other,2160,2240,2200,
,08/01/2018,0.5,Other,2160,2240,2200,
,09/01/2018,1,Other,2150,2250,2200,
,10/01/2018,0.6,Other,2160,2240,2200,
,11/01/2018,0.8,Other,2160,2240,2200,
,12/01/2018,0.5,Other,2150,2250,2200,
,15/01/2018,0.2,Other,2200,2300,2250,
,16/01/2018,0.3,Other,2200,2300,2250,
,17/01/2018,0.5,Other,2200,2300,2250,
,18/01/2018,0.2,Other,2200,2300,2250,
,19/01/2018,0.8,Other,2200,2300,2250,
,21/01/2018,0.4,Other,2200,2300,2250,
,22/01/2018,0.8,Other,2200,2300,2250,
,23/01/2018,1,Other,2100,2200,2150,
,24/01/2018,1.5,Other,2100,2200,2150,
,25/01/2018,0.8,Other,2100,2200,2150,
,28/01/2018,0.4,Other,2100,2200,2150,
,29/01/2018,1,Other,2060,2140,2100,
,30/01/2018,0.4,Other,2050,2150,2100,
,31/01/2018,1.2,Other,2060,2140,2100,
Haathras,01/01/2018,20,Red,2800,3200,3000,
,03/01/2018,15,Red,2900,3300,3100,
,04/01/2018,16,Red,3000,3500,3200,
,05/01/2018,10,Red,3050,3550,3250,
,06/01/2018,20,Red,3000,3500,3200,
,08/01/2018,15,Red,3300,3700,3500,
,09/01/2018,14,Red,3350,3750,3550,
,10/01/2018,20,Red,3200,3650,3450,
,11/01/2018,19,Red,3210,3650,3460,
,12/01/2018,15,Red,3200,3600,3400,
,13/01/2018,20,Red,3000,3400,3200,
,15/01/2018,15,Red,3050,3450,3250,
,16/01/2018,25,Red,2950,3350,3150,
,17/01/2018,20,Red,3000,3500,3200,
,18/01/2018,25,Red,3000,3490,3180,
,19/01/2018,15,Red,3050,3550,3250,
,20/01/2018,20,Red,2900,3300,3100,
,22/01/2018,24,Red,2800,3200,3000,
,23/01/2018,25,Red,2850,3250,3050,
,24/01/2018,10,Red,3000,3400,3200,
,25/01/2018,15,Red,2900,3300,3100,
,26/01/2018,10,Red,2850,3350,3150,
,27/01/2018,20,Red,2800,3250,3100,
,29/01/2018,18,Red,2850,3280,3150,
,30/01/2018,15,Red,2860,3290,3170,
Hamirpur,17/01/2018,11,Other,2600,3300,3000,
,31/01/2018,6,Other,2000,2450,2200,
Hapur,02/01/2018,16,Red,2900,3000,2940,
,03/01/2018,14,Red,2850,2950,2900,
,04/01/2018,12,Red,2850,2950,2900,
,05/01/2018,15,Red,2850,2950,2900,
,06/01/2018,12,Red,2850,2950,2900,
,08/01/2018,15,Red,2850,2940,2890,
,09/01/2018,16,Red,2850,2900,2880,
,10/01/2018,15,Red,2850,2900,2870,
,11/01/2018,20,Red,2850,2950,2900,
,12/01/2018,20,Red,3000,3200,3100,
,13/01/2018,15,Red,3050,3150,3100,
,14/01/2018,10,Red,3050,3150,3100,
,15/01/2018,10,Red,3050,3150,3100,
,16/01/2018,15,Red,3050,3150,3100,
,17/01/2018,17,Red,3000,3100,3050,
,18/01/2018,15,Red,2950,3000,2980,
,19/01/2018,2,Red,2900,3000,2950,
,20/01/2018,20,Red,2900,3000,2950,
,22/01/2018,12,Red,2850,2950,2900,
,23/01/2018,15,Red,2850,2950,2900,
,24/01/2018,12,Red,2850,2950,2900,
,25/01/2018,15,Red,2850,2950,2900,
,27/01/2018,20,Red,2900,2950,2920,
,29/01/2018,15,Red,2900,3000,2950,
,30/01/2018,12,Red,2920,3020,2960,
,31/01/2018,15,Other,2900,3000,2950,
Hardoi,01/01/2018,10,Other,2230,2330,2270,
,02/01/2018,8,Other,2250,2340,2300,
,03/01/2018,10,Other,2240,2320,2280,
,04/01/2018,11,Other,2230,2290,2260,
,05/01/2018,12,Other,2210,2280,2250,
,06/01/2018,11,Other,2200,2300,2260,
,08/01/2018,12,Other,2200,2300,2250,
,09/01/2018,10,Other,2230,2300,2260,
,10/01/2018,0.9,Other,2240,2380,2290,
,11/01/2018,10,Other,2230,2340,2280,
,12/01/2018,11,Other,2200,2280,2240,
,15/01/2018,10,Other,2170,2230,2210,
,16/01/2018,8,Other,2160,2250,2200,
,17/01/2018,10,Other,2200,2300,2250,
,18/01/2018,8,Other,2250,2300,2280,
,19/01/2018,10,Other,2200,2300,2250,
,20/01/2018,9,Other,2240,2320,2280,
,22/01/2018,10,Other,2220,2320,2270,
,23/01/2018,9,Other,2240,2320,2280,
,24/01/2018,8,Other,2250,2350,2300,
,25/01/2018,9,Other,3150,3270,3210,
,27/01/2018,8,Other,2240,2370,2290,
,29/01/2018,9,Other,2230,2290,2260,
,31/01/2018,7,Other,2230,2290,2260,
Hargaon (Laharpur),05/01/2018,1,Nasik,1700,1900,1800,
,19/01/2018,1,Nasik,1600,1800,1700,
,20/01/2018,2,Nasik,1700,1900,1800,
,22/01/2018,2,Nasik,1700,1900,1800,
,23/01/2018,2,Nasik,1700,1900,1800,
,25/01/2018,1,Nasik,1500,1700,1600,
,26/01/2018,1,Nasik,1600,1800,1700,
,27/01/2018,1,Nasik,1600,1800,1700,
,28/01/2018,1,Nasik,1700,1900,1800,
,29/01/2018,1,Nasik,1600,1800,1700,
,30/01/2018,1,Nasik,1600,1800,1700,
,31/01/2018,2,1st Sort,1500,1700,1600,
Jafarganj,01/01/2018,5,Red,2900,3100,3000,
,02/01/2018,5,Red,2950,3200,3100,
,03/01/2018,25,Red,3000,3200,3100,
,04/01/2018,6,Red,3000,3200,3050,
,05/01/2018,10,Red,3100,3300,3200,
,06/01/2018,5,Red,3200,3400,3300,
,07/01/2018,20,Red,3200,3400,3300,
,08/01/2018,5,Red,3100,3300,3200,
,09/01/2018,5,Red,3150,3400,3250,
,10/01/2018,10,Red,2900,3200,3000,
,11/01/2018,5,Red,3000,3200,3100,
,12/01/2018,5,Red,3100,3400,3200,
,13/01/2018,10,Red,3100,3300,3200,
,14/01/2018,20,Red,3000,3200,3100,
,15/01/2018,5,Red,3000,3400,3100,
,16/01/2018,5,Red,3100,3300,3200,
,17/01/2018,20,Red,3300,3500,3400,
,18/01/2018,10,Red,3000,3200,3100,
,19/01/2018,5,Red,3050,3300,3150,
,20/01/2018,6,Red,3100,3300,3200,
,21/01/2018,30,Red,2800,3000,2900,
,22/01/2018,5,Red,2700,2900,2800,
,23/01/2018,5,Red,2800,2900,2850,
,24/01/2018,30,Red,2300,2500,2400,
,25/01/2018,5,Red,2200,2400,2300,
,27/01/2018,5,Red,2200,2400,2250,
,28/01/2018,10,Red,2400,2600,2500,
,29/01/2018,5,Red,2300,2500,2400,
,30/01/2018,10,Red,2400,2700,2500,
,31/01/2018,10,Red,2500,2700,2600,
Jagnair,01/01/2018,1.4,Red,3200,3280,3240,
,02/01/2018,1,Red,3200,3260,3230,
,03/01/2018,1,Red,3200,3260,3230,
,04/01/2018,1,Red,3150,3250,3200,
,05/01/2018,2,Red,3150,3250,3200,
,06/01/2018,1.3,Red,3150,3190,3170,
,08/01/2018,1, ,NR,NR,NR,
,09/01/2018,1.1,Red,3100,3140,3120,
,10/01/2018,1,Red,3130,3170,3150,
,11/01/2018,1,Red,3100,3180,3140,
,12/01/2018,1.5,Red,3100,3140,3120,
,13/01/2018,1,Red,3100,3140,3120,
,15/01/2018,2,Red,3090,3110,3100,
,16/01/2018,2.1,Red,3050,3090,3070,
,17/01/2018,1.6,Red,3050,3090,3070,
,18/01/2018,2,Red,3030,3070,3050,
,19/01/2018,1,Red,3080,3120,3100,
,20/01/2018,1,Red,3090,3110,3100,
,21/01/2018,2,Red,3080,3120,3100,
,22/01/2018,1,Red,3100,3140,3120,
,23/01/2018,1,Red,3000,3060,3030,
,24/01/2018,1,Red,3080,3120,3100,
,25/01/2018,1,Red,3080,3100,3090,
,27/01/2018,1,Red,3080,3120,3100,
,28/01/2018,1,Red,3070,3090,3080,
,29/01/2018,2,Red,3000,3040,3020,
,30/01/2018,1,Red,3020,3060,3040,
,31/01/2018,1,Red,3060,3100,3080,
Jahangirabad,02/01/2018,1.2,Red,2600,2700,2650,
,03/01/2018,1,Red,2650,2750,2700,
,04/01/2018,1.2,Red,2600,2750,2680,
,06/01/2018,1.5,Red,2600,2750,2675,
,07/01/2018,1.2,Red,2700,3000,2850,
,08/01/2018,1,Red,2800,3000,2900,
,09/01/2018,1.2,Red,2800,3000,2900,
,10/01/2018,1,Red,2700,2900,2800,
,11/01/2018,1.2,Red,2650,2850,2750,
,13/01/2018,2,Red,2600,2700,2650,
,14/01/2018,1.5,Red,2600,2750,2680,
,15/01/2018,1.2,Red,2600,2700,2660,
,16/01/2018,1.2,Red,2700,2800,2750,
,17/01/2018,1.5,Red,2800,2900,2850,
,18/01/2018,1.5,Red,2700,2900,2800,
,20/01/2018,1.2,Red,2600,2800,2700,
,21/01/2018,1.5,Red,2600,2800,2700,
,22/01/2018,1.5,Red,2600,2700,2650,
,23/01/2018,1.2,Red,2550,2650,2600,
,24/01/2018,1,Red,2550,2650,2600,
,25/01/2018,1.5,Red,2600,2700,2680,
,27/01/2018,1.2,Red,2600,2800,2700,
,28/01/2018,1,Red,2650,2750,2700,
,29/01/2018,1,Red,2700,3000,2860,
,30/01/2018,1.2,Red,2850,2950,2900,
,31/01/2018,1,Red,2800,2900,2850,
Jalaun,02/01/2018,2.5,Other,2475,2550,2500,
,03/01/2018,2,Other,2360,2420,2400,
,04/01/2018,5,Other,1950,2100,2000,
,05/01/2018,2,Other,2260,2350,2300,
,06/01/2018,4,Other,2260,2350,2300,
,07/01/2018,5,Other,2250,2350,2300,
,09/01/2018,3,Other,2350,2450,2400,
,10/01/2018,4.3,Other,2450,2550,2500,
,11/01/2018,2,Other,2460,2550,2500,
,12/01/2018,2,Other,2470,2550,2500,
,13/01/2018,2.5,Other,2150,2300,2200,
,14/01/2018,2,Other,1980,2100,2000,
,16/01/2018,3,Other,2650,2800,2700,
,17/01/2018,2.2,Other,2650,2750,2700,
,18/01/2018,1.5, ,NR,NR,NR,
,19/01/2018,2.5,Other,2670,2750,2700,
,20/01/2018,2.5,Other,2700,2800,2750,
,21/01/2018,1.5,Other,2670,2750,2700,
,23/01/2018,2.8,Other,2700,2750,2720,
,24/01/2018,3,Other,2260,2350,2300,
,25/01/2018,4,Other,2250,2350,2300,
,26/01/2018,2.5,Other,2360,2450,2400,
,27/01/2018,3,Other,2280,2400,2300,
,28/01/2018,1.5,Other,2270,2350,2300,
,30/01/2018,2,Other,2160,2300,2200,
,31/01/2018,5,Other,1950,2100,2000,
Jangipura,01/01/2018,5,Red,2750,2850,2800,
,03/01/2018,4,Red,2750,2850,2800,
,04/01/2018,15,Red,2750,2850,2800,
,05/01/2018,5,Red,2750,2850,2800,
,06/01/2018,8,Red,2750,2850,2800,
,07/01/2018,8.5,Red,2850,2950,2900,
,08/01/2018,7.5,Red,2850,2950,2900,
,10/01/2018,8,Red,2850,2950,2900,
,11/01/2018,18,Red,2850,2950,2900,
,12/01/2018,5,Red,2850,2950,2900,
,14/01/2018,15,Red,2850,2950,2900,
,15/01/2018,8,Red,2950,3050,3000,
,17/01/2018,5,Red,2950,3050,3000,
,18/01/2018,18,Red,2950,3050,3000,
,19/01/2018,5,Red,3000,3100,3050,
,20/01/2018,7.5,Red,3000,3100,3050,
,21/01/2018,12,Red,3000,3100,3050,
,22/01/2018,8,Red,2950,3050,3000,
,24/01/2018,9,Red,2950,3050,3000,
,25/01/2018,15,Red,2950,3050,3000,
,27/01/2018,8,Red,2850,2950,2900,
,28/01/2018,12.9,Red,2900,3000,2950,
,29/01/2018,8,Red,2900,3000,2950,
,31/01/2018,9,Red,2900,3000,2950,
Jarar,01/01/2018,1,Red,2400,2600,2500,
,02/01/2018,2.1,Red,2300,2500,2400,
,04/01/2018,8,Red,3520,3550,3530,
,07/01/2018,1.2,Red,2600,2800,2700,
,08/01/2018,1.3,Red,2500,2700,2600,
,09/01/2018,1.9,Red,2800,3000,2900,
,11/01/2018,0.8,Red,2800,2900,2850,
,12/01/2018,1,Red,2900,3100,3000,
,14/01/2018,1.2,Red,2800,3000,2900,
,15/01/2018,1.4,Red,2900,3000,2950,
,16/01/2018,1.5,Red,2850,2950,2900,
,17/01/2018,2,Red,3000,3150,3100,
,18/01/2018,1.3,Red,3000,3150,3100,
,19/01/2018,1,Red,2800,2950,2900,
,21/01/2018,1,Red,2800,3000,2900,
,22/01/2018,0.7,Red,2800,3000,2900,
,23/01/2018,0.8,Red,2900,3100,3000,
,24/01/2018,0.4,Red,3000,3200,3100,
,25/01/2018,0.7,Red,3000,3100,3050,
,26/01/2018,0.4,Red,3100,3250,3200,
,28/01/2018,0.8,Red,3000,3150,3100,
,29/01/2018,7,Red,2500,2550,2520,
,30/01/2018,3,Red,2600,2700,2600,
,31/01/2018,0.7,Red,2800,3000,2900,
Jasra,02/01/2018,0.5,Other,2100,2200,2150,
,03/01/2018,0.7,Red,2100,2200,2150,
,10/01/2018,0.6,Red,2100,2200,2150,
,11/01/2018,9,Red,2100,2200,2150,
,16/01/2018,8,Red,2300,2400,2350,
,18/01/2018,20,Red,2750,2850,2800,
,19/01/2018,10,Red,2650,2750,2700,
,20/01/2018,1.5,Red,2700,2800,2750,
,22/01/2018,25,Red,2750,2850,2800,
,23/01/2018,20,Other,2750,2850,2800,
,24/01/2018,15,Other,2700,2800,2750,
,25/01/2018,17,Red,2750,2850,2800,
,27/01/2018,20,Red,2850,2950,2900,
,29/01/2018,18,Red,2800,3000,2900,
,30/01/2018,15,Red,2800,3000,2900,
,31/01/2018,10,Red,2800,3000,2900,
Jaunpur,01/01/2018,0.51,Red,3160,3240,3200,
,02/01/2018,0.9,Red,3170,3225,3200,
,03/01/2018,1,Red,3140,3200,3170,
,04/01/2018,6.09,Red,3125,3165,3150,
,05/01/2018,4,Red,3130,3180,3150,
,06/01/2018,4.7,Red,3140,3215,3180,
,08/01/2018,0.6,Red,3230,3275,3250,
,09/01/2018,1.1,Red,3240,3300,3260,
,10/01/2018,0.25,Red,3260,3330,3300,
,11/01/2018,1.6,Red,3265,3330,3300,
,12/01/2018,0.58,Red,3220,3300,3250,
,13/01/2018,1.1,Red,3280,3325,3300,
,15/01/2018,1.2,Red,3265,3335,3300,
,16/01/2018,1.6,Red,3270,3325,3300,
,18/01/2018,0.6,Red,3320,3380,3350,
,19/01/2018,2.01,Red,3300,3350,3330,
,20/01/2018,1.9,Red,3250,3320,3280,
,22/01/2018,2,Red,3225,3280,3250,
,23/01/2018,2,Red,3200,3275,3250,
,24/01/2018,2.11,Red,3260,3325,3300,
,25/01/2018,1.8,Red,3275,3335,3300,
,27/01/2018,2,Red,3160,3230,3200,
,29/01/2018,0.15,Red,3100,3150,3130,
,30/01/2018,1.08,Red,3020,3080,3050,
,31/01/2018,0.24,Red,2960,3030,3000,
Jayas,01/01/2018,1.8,Red,2600,2700,2650,
,02/01/2018,2,Red,2700,2800,2750,
,04/01/2018,1.5,Red,2700,2800,2750,
,05/01/2018,1.5,Red,2700,2800,2750,
,06/01/2018,1.8,Red,2750,2850,2800,
,07/01/2018,2.5,Red,2750,2850,2800,
,08/01/2018,1,Red,2750,2850,2800,
,09/01/2018,1.8,Red,2950,3100,3000,
,11/01/2018,1,Other,3100,3250,3200,
,12/01/2018,1.5,Red,3250,3350,3300,
,13/01/2018,1.8,Red,3250,3350,3300,
,14/01/2018,1.6,Red,3300,3400,3350,
,15/01/2018,1.5,Red,3300,3400,3350,
,16/01/2018,1.8,Red,3250,3350,3300,
,18/01/2018,2,Red,3250,3350,3300,
,19/01/2018,1,Red,3250,3350,3300,
,20/01/2018,1.6,Red,3300,3400,3350,
,21/01/2018,1.8,Red,3300,3400,3350,
,22/01/2018,1,Red,3300,3400,3350,
,23/01/2018,1.8,Red,3350,3450,3400,
,25/01/2018,1.6,Red,3200,3300,3250,
,27/01/2018,2,Red,3150,3250,3200,
,28/01/2018,1,Red,3150,3250,3200,
,29/01/2018,1.8,Red,3150,3250,3200,
,30/01/2018,1.5,Red,2750,2850,2800,
Jhansi,03/01/2018,11.5,Nasik,1800,2250,2100,
,04/01/2018,11,Nasik,1800,2300,2150,
,05/01/2018,8,Nasik,1800,2200,2000,
,06/01/2018,9,Pusa-Red,1900,2000,1950,
,07/01/2018,10,Nasik,2000,2500,2200,
,08/01/2018,7,Nasik,2300,2750,2600,
,10/01/2018,6,Nasik,2200,2500,2400,
,11/01/2018,5,Nasik,2000,2650,2520,
,12/01/2018,17,Nasik,1800,2300,2150,
,13/01/2018,15,Nasik,2000,2500,2160,
,15/01/2018,15,Nasik,2000,2400,2200,
,17/01/2018,17,Nasik,2000,2350,2270,
,18/01/2018,15,Nasik,2000,2400,2300,
,19/01/2018,14,Nasik,2000,2400,2250,
,20/01/2018,19,Nasik,2200,2350,2300,
,21/01/2018,15,Pusa-Red,2200,2450,2300,
,22/01/2018,12,Pusa-Red,2250,2500,2310,
,24/01/2018,20,Nasik,1900,2200,2100,
,25/01/2018,17,Nasik,1900,2200,2050,
,27/01/2018,15,Pusa-Red,1800,2100,2000,
,28/01/2018,14,Nasik,1700,2100,2020,
,29/01/2018,17.5,Nasik,1600,2100,2000,
,31/01/2018,18,Nasik,1700,2000,1900,
Kadhle,01/01/2018,0.2,Red,2300,2500,2400,
,02/01/2018,0.2,Red,2200,2400,2300,
,03/01/2018,0.3,Red,2300,2400,2350,
,04/01/2018,0.2,Red,2200,2400,2300,
,05/01/2018,0.2,Red,2200,2300,2250,
,06/01/2018,0.4,Red,2200,2400,2300,
,07/01/2018,0.3,Red,2200,2300,2250,
,08/01/2018,0.2,Red,1900,2000,1950,
,09/01/2018,0.3,Red,1900,2000,1950,
,10/01/2018,0.2,Red,1900,2100,2000,
,11/01/2018,0.3,Red,2700,2800,2750,
,12/01/2018,0.4,Red,2700,2800,2750,
,13/01/2018,0.3,Red,2700,2800,2750,
,14/01/2018,0.4,Red,2700,2800,2750,
,15/01/2018,0.3,Red,2600,2700,2650,
,16/01/2018,0.2,Red,2700,2800,2750,
,17/01/2018,0.3,Red,2700,2800,2750,
,18/01/2018,0.2,Red,2800,3000,2900,
,19/01/2018,0.3,Red,2800,2900,2850,
,20/01/2018,0.2,Red,2800,3000,2900,
,21/01/2018,0.3,Red,2900,3000,2950,
,23/01/2018,0.3,Red,2500,2600,2550,
,24/01/2018,0.4,Red,2600,2700,2650,
,25/01/2018,0.4,Red,2500,2600,2550,
,26/01/2018,0.3,Red,2500,2600,2550,
,27/01/2018,0.4,Red,2500,2700,2600,
,28/01/2018,0.3,Red,2600,2700,2650,
,29/01/2018,0.2,Red,2500,2600,2550,
,30/01/2018,0.3,Red,2500,2600,2550,
,31/01/2018,0.4,Red,2400,2600,2500,
Kairana,05/01/2018,1,1st Sort,NR,NR,2500,
,06/01/2018,1,1st Sort,NR,NR,2500,
,07/01/2018,1,1st Sort,NR,NR,2500,
,08/01/2018,1,1st Sort,NR,NR,2500,
,09/01/2018,1,1st Sort,NR,NR,2500,
,10/01/2018,1,1st Sort,NR,NR,2500,
Kannauj,01/01/2018,1.5,Red,2750,2850,2800,
,03/01/2018,2,Red,2700,2800,2750,
,04/01/2018,2.2,Red,2650,2750,2700,
,05/01/2018,2,Red,2650,2800,2750,
,06/01/2018,2.2,Red,2700,2800,2750,
,07/01/2018,2.4,Red,2650,2750,2700,
,08/01/2018,2.6,Red,2600,2700,2650,
,10/01/2018,2.5,Red,2600,2700,2650,
,11/01/2018,2.3,Red,2600,2700,2650,
,12/01/2018,2,Red,2650,2750,2700,
,13/01/2018,2.5,Red,2650,2750,2700,
,14/01/2018,2,Red,2600,2770,2750,
,15/01/2018,2.2,Red,2650,2750,2700,
,17/01/2018,2.5,Red,2700,2800,2750,
,18/01/2018,1.8,Red,2800,2900,2850,
,19/01/2018,1.5,Red,2800,2900,2850,
,20/01/2018,1.7,Red,2800,2900,2850,
,21/01/2018,2,Red,2800,2900,2850,
,22/01/2018,2.5,Red,2800,2900,2850,
,24/01/2018,2.8,Red,2800,2900,2850,
,25/01/2018,3.2,Red,2700,2800,2750,
,27/01/2018,3.5,Red,2600,2700,2650,
,28/01/2018,4,Red,2500,2700,2600,
,29/01/2018,4.5,Red,2500,2600,2550,
,31/01/2018,4,Red,2500,2600,2550,
Kanpur(Grain),01/01/2018,200,Red,2750,2875,2800,
,02/01/2018,185,Red,2800,2900,2850,
,03/01/2018,210,Red,2680,2810,2750,
,04/01/2018,250,Red,2650,2750,2700,
,05/01/2018,245,Red,2650,2800,2725,
,06/01/2018,260,Red,2700,2800,2760,
,08/01/2018,240,Red,2575,2875,2825,
,09/01/2018,220,Red,2800,2900,2850,
,10/01/2018,200,Red,2850,2925,2900,
,11/01/2018,180,Red,2875,2950,2925,
,12/01/2018,220,Red,2850,2950,2890,
,13/01/2018,200,Red,2800,2900,2875,
,15/01/2018,250,Red,2750,2960,2850,
,16/01/2018,240,Red,2765,2900,2825,
,17/01/2018,220,Red,2800,2875,2840,
,18/01/2018,250,Red,2700,2800,2750,
,19/01/2018,285,Red,2650,2750,2700,
,20/01/2018,280,Red,2625,2725,2685,
,22/01/2018,300,Red,2600,2700,2650,
,23/01/2018,320,Red,2550,2650,2600,
,24/01/2018,310,Red,2560,2700,2625,
,25/01/2018,300,Red,2600,2700,2650,
,27/01/2018,320,Red,2550,2650,2600,
,29/01/2018,280,Red,2600,2725,2675,
,30/01/2018,290,Red,2615,2700,2650,
,31/01/2018,300,Red,2600,2650,2625,
Karnailganj,01/01/2018,0.8,White,3200,3240,3220,
,02/01/2018,1.3,White,3150,3200,3170,
,03/01/2018,1.3,White,3150,3170,3160,
,04/01/2018,1.6,White,3100,3150,3120,
,05/01/2018,0.3,White,3120,3140,3130,
,06/01/2018,0.6,White,3150,3170,3160,
,07/01/2018,0.3,White,3100,3150,3120,
,08/01/2018,0.3,White,3100,3150,3120,
,09/01/2018,1.6,White,3040,3060,3050,
,10/01/2018,0.8,White,3050,3070,3060,
,11/01/2018,1,White,3020,3050,3030,
,12/01/2018,0.5,White,3000,3050,3020,
,13/01/2018,0.7,White,3050,3070,3060,
,14/01/2018,0.1,White,3050,3070,3060,
,15/01/2018,0.6,White,3010,3060,3030,
,16/01/2018,0.8,White,3020,3050,3030,
,17/01/2018,0.3,White,3020,3040,3030,
,18/01/2018,0.2,White,3050,3070,3060,
,19/01/2018,0.7,White,3060,3080,3070,
,20/01/2018,0.6,White,3100,3140,3120,
,21/01/2018,0.4,White,3100,3140,3120,
,22/01/2018,0.5,White,3100,3150,3120,
,23/01/2018,0.3,White,3000,3050,3020,
,25/01/2018,0.5,White,3050,3070,3060,
,26/01/2018,0.2,White,3010,3030,3020,
,27/01/2018,0.2,White,3000,3030,3020,
,28/01/2018,0.3,White,3020,3080,3050,
,29/01/2018,1.2,White,3000,3030,3020,
,30/01/2018,0.4,White,3010,3030,3020,
,31/01/2018,0.2,White,3000,3040,3020,
Karvi,01/01/2018,9,Red,2300,2450,2360,
,02/01/2018,7,Red,2275,2500,2340,
,03/01/2018,7.5,Red,2250,2450,2325,
,06/01/2018,6.5,Red,2250,2500,2370,
,07/01/2018,7,Red,2150,2350,2250,
,08/01/2018,8,Red,2100,2350,2220,
,09/01/2018,7.5,Red,2000,2250,2150,
,10/01/2018,5,Red,2150,2400,2225,
,12/01/2018,4,Red,2100,2400,2250,
,13/01/2018,3,Red,2250,2500,2350,
,14/01/2018,2.5,Red,2300,2600,2450,
,15/01/2018,2,Red,2350,2650,2550,
,16/01/2018,1.8,Red,2400,2650,2575,
,17/01/2018,1.5,Red,2450,2750,2620,
,19/01/2018,2,Red,2450,2750,2650,
,20/01/2018,2.4,Red,2500,2750,2670,
,21/01/2018,2.5,Red,2400,2750,2650,
,22/01/2018,2.8,Red,2450,2750,2600,
,23/01/2018,3,Red,2400,2650,2550,
,24/01/2018,3.5,Other,2400,2650,2530,
,27/01/2018,4,Red,2350,2550,2450,
,28/01/2018,5,Red,2250,2550,2400,
,29/01/2018,6,Red,2200,2550,2380,
,30/01/2018,6.5,Red,2200,2500,2350,
,31/01/2018,5,Red,2200,2500,2380,
Kasganj,02/01/2018,3,Red,2700,2925,2850,
,03/01/2018,3.5,Red,2700,2925,2825,
,04/01/2018,2.5,Red,2800,3050,2950,
,05/01/2018,2.2,Red,2800,3200,3060,
,06/01/2018,1.8,Red,2950,3225,3125,
,07/01/2018,2.4,Red,3100,3350,3250,
,09/01/2018,2,Red,3500,3800,3650,
,10/01/2018,4,Red,3550,3850,3750,
,11/01/2018,4.8,Red,3200,3800,3520,
,12/01/2018,4,Red,3200,3650,3450,
,13/01/2018,3,Red,3250,3650,3475,
,14/01/2018,4,Red,3250,3600,3450,
,17/01/2018,2,Red,2700,3400,3225,
,18/01/2018,2.5,Red,2800,3150,3000,
,19/01/2018,3,Red,3000,3250,3150,
,20/01/2018,2.8,Red,2850,3300,3000,
,21/01/2018,3.2,Red,2750,3050,2880,
,23/01/2018,3,Red,2900,3150,3050,
,24/01/2018,2.5,Red,2500,2850,2650,
,25/01/2018,2.8,Red,2450,2750,2600,
,26/01/2018,2.5,Red,2475,2750,2610,
,30/01/2018,1,Red,2500,2800,2600,
,31/01/2018,1.2,Red,2400,2600,2500,
Katra,01/01/2018,0.2,Onion,2890,2910,2900,
,02/01/2018,0.2,Onion,2990,3010,3000,
,03/01/2018,0.2,Onion,3020,3040,3030,
,04/01/2018,0.2,Onion,3050,3150,3100,
,05/01/2018,0.2,Onion,3190,3210,3200,
,06/01/2018,0.3,Onion,3090,3110,3100,
,07/01/2018,0.2,Onion,3100,3120,3110,
,08/01/2018,0.2,Onion,3100,3120,3110,
,09/01/2018,0.2,Onion,3170,3190,3180,
,10/01/2018,0.2,Onion,3170,3190,3180,
,11/01/2018,0.2,Onion,3180,3200,3190,
,12/01/2018,0.2,Onion,3200,3220,3210,
,13/01/2018,0.2,Onion,3200,3220,3210,
,15/01/2018,0.2,Onion,3150,3170,3160,
,16/01/2018,0.2,Onion,3100,3120,3110,
,17/01/2018,0.1,Onion,3140,3160,3150,
,18/01/2018,0.2,Onion,3100,3120,3110,
,19/01/2018,0.1,Onion,3000,3020,3010,
,20/01/2018,0.2,Onion,3000,3020,3010,
,21/01/2018,0.1,Onion,2910,2930,2920,
,22/01/2018,0.2,Onion,2900,2920,2910,
,23/01/2018,0.1,Onion,2900,2920,2910,
,24/01/2018,0.2,Onion,2800,2820,2810,
,25/01/2018,0.1,Onion,2790,2810,2800,
,27/01/2018,0.2,Onion,2750,2770,2760,
,28/01/2018,0.2,Onion,2770,2790,2780,
,29/01/2018,0.2,Onion,2750,2770,2760,
,30/01/2018,0.2,Onion,2800,2820,2810,
,31/01/2018,0.2,Onion,2750,2770,2760,
Kayamganj,01/01/2018,12,Red,3250,3350,3300,
,02/01/2018,20,Red,3000,3100,3050,
,03/01/2018,18,Red,3050,3150,3100,
,04/01/2018,15,Red,3200,3300,3250,
,05/01/2018,12,Red,3200,3350,3300,
,06/01/2018,11,Red,3250,3400,3300,
,08/01/2018,9,Red,3300,3400,3350,
,09/01/2018,15,Red,3250,3350,3300,
,10/01/2018,12,Red,3350,3450,3400,
,11/01/2018,10,Red,3400,3500,3450,
,12/01/2018,8,Red,3450,3550,3500,
,13/01/2018,15,Red,3400,3500,3450,
,15/01/2018,12,Red,3440,3550,3480,
,16/01/2018,15,Red,3400,3500,3450,
,17/01/2018,12,Red,3440,3550,3500,
,18/01/2018,18,Red,3300,3400,3350,
,19/01/2018,20,Red,3280,3400,3340,
,20/01/2018,24,Red,3300,3400,3350,
,22/01/2018,25,Red,3200,3300,3250,
,23/01/2018,20,Red,3200,3350,3250,
,24/01/2018,25,Red,3000,3100,3050,
,25/01/2018,28,Red,2950,3050,3000,
,27/01/2018,30,Red,2900,3000,2950,
,29/01/2018,20,Red,2950,3050,3000,
,30/01/2018,25,Red,2900,3000,2950,
,31/01/2018,20,Red,2900,3000,2940,
Khaga,15/01/2018,0.52,Red,2000,2400,2200,
,16/01/2018,0.36,Red,2000,2400,2200,
,17/01/2018,0.52,Red,1800,2000,1900,
,18/01/2018,0.6,Red,1800,2100,1900,
,23/01/2018,5.5,Other,1600,2200,1800,
,30/01/2018,5.2,Red,1600,2200,1800,
,31/01/2018,5,Red,1600,2200,1800,
Khair,01/01/2018,3,Red,2750,2850,2800,
,02/01/2018,3,Red,2800,2900,2850,
,04/01/2018,2.5,Red,2850,2950,2900,
,05/01/2018,6,Red,3150,3300,3200,
,06/01/2018,5,Red,3150,3300,3200,
,08/01/2018,2.5,Red,3100,3200,3150,
,09/01/2018,3.5,Red,3100,3200,3150,
,11/01/2018,5,Red,3050,3150,3100,
,12/01/2018,7,Red,3150,3300,3200,
,14/01/2018,5,Red,3050,3200,3100,
,15/01/2018,6,Red,2950,3100,3000,
,16/01/2018,4,Red,2850,2950,2900,
,18/01/2018,6,Red,2750,2900,2800,
,19/01/2018,8,Red,2800,2900,2850,
,20/01/2018,7,Red,2750,2900,2800,
,21/01/2018,8,Red,2750,2900,2800,
,23/01/2018,6,Red,2600,2800,2700,
,25/01/2018,7,Red,2850,3000,2900,
,26/01/2018,5,Red,2750,2900,2800,
,27/01/2018,4,Red,2750,2860,2800,
,28/01/2018,5,Red,2800,2900,2850,
,29/01/2018,8,Red,2750,2900,2800,
,30/01/2018,5,Red,2750,2900,2800,
Khairagarh,01/01/2018,2.2,Red,3200,3260,3230,
,02/01/2018,2,Red,3200,3280,3240,
,03/01/2018,2,Red,3200,3280,3240,
,04/01/2018,2,Red,3200,3240,3220,
,05/01/2018,2,Red,3100,3200,3150,
,06/01/2018,1.8,Red,3140,3180,3160,
,08/01/2018,2,Red,3200,3240,3220,
,09/01/2018,1.6,Red,3100,3160,3130,
,10/01/2018,2,Red,3130,3170,3150,
,11/01/2018,2,Red,3100,3160,3130,
,12/01/2018,1,Red,3100,3140,3120,
,14/01/2018,2,Red,3100,3160,3130,
,15/01/2018,2,Red,3080,3120,3100,
,16/01/2018,1.5,Red,3050,3090,3070,
,17/01/2018,2.3,Red,3100,3140,3120,
,18/01/2018,2,Red,3000,3040,3020,
,19/01/2018,2,Red,3050,3090,3070,
,20/01/2018,1,Red,3100,3160,3130,
,21/01/2018,2,Red,3080,3120,3100,
,22/01/2018,1,Red,3080,3120,3100,
,23/01/2018,1,Red,3000,3040,3020,
,24/01/2018,1,Red,3070,3090,3080,
,25/01/2018,2,Red,3080,3100,3090,
,27/01/2018,2,Red,3070,3090,3080,
,28/01/2018,37,Red,3070,3110,3090,
,29/01/2018,2,Red,3000,3040,3020,
,30/01/2018,2,Red,3080,3120,3100,
,31/01/2018,1,Red,3030,3050,3040,
Khalilabad,01/01/2018,12,Red,3000,3250,3050,
,03/01/2018,12,Red,3000,3350,3125,
,04/01/2018,13,Red,3000,3350,3125,
,05/01/2018,10,Red,2900,3400,3050,
,06/01/2018,18,Red,2900,3300,3140,
,07/01/2018,10,Red,2900,3300,3050,
,08/01/2018,16,Red,2900,3400,3100,
,09/01/2018,10,Red,3100,3500,3250,
,10/01/2018,8,Red,3150,3500,3250,
,11/01/2018,13,Red,3100,3450,3250,
,12/01/2018,10,Red,3250,3550,3400,
,13/01/2018,11,Red,3150,3500,3250,
,15/01/2018,8.5,Red,3150,3500,3350,
,16/01/2018,11,Red,3250,3600,3425,
,17/01/2018,12,Red,3250,3650,3400,
,18/01/2018,12.5,Red,3100,3500,3300,
,19/01/2018,12,Red,3150,3500,3300,
,20/01/2018,20,Red,2950,3350,3100,
,21/01/2018,12,Red,2900,3450,3050,
,22/01/2018,14,Red,2950,3150,3050,
,23/01/2018,2,Red,3000,3450,3100,
,24/01/2018,10,Red,3000,3350,3100,
,25/01/2018,20,Red,2950,3400,3050,
,27/01/2018,22,Red,2950,3500,3100,
,28/01/2018,8,Red,2950,3400,3100,
,29/01/2018,10,Red,2950,3300,3050,
,30/01/2018,20,Red,2800,3300,2950,
Khatauli,01/01/2018,0.8,Other,NR,NR,3045,
,02/01/2018,0.4,Other,NR,NR,2800,
,03/01/2018,0.7,Red,NR,NR,1650,
,04/01/2018,0.3,Other,NR,NR,1625,
,05/01/2018,0.5,Red,NR,NR,1625,
,06/01/2018,0.7,Red,NR,NR,1645,
,07/01/2018,0.8,Red,NR,NR,1650,
,08/01/2018,0.6,Red,NR,NR,1635,
,09/01/2018,0.8,Other,NR,NR,1640,
,10/01/2018,0.4,Red,NR,NR,1645,
,11/01/2018,0.6,Red,NR,NR,1680,
,12/01/2018,0.6,Red,NR,NR,1665,
,14/01/2018,0.4,Red,NR,NR,1640,
,15/01/2018,0.5,Red,NR,NR,1655,
,17/01/2018,0.4,Red,NR,NR,1645,
,19/01/2018,0.6,Red,NR,NR,1645,
,20/01/2018,0.4,Red,NR,NR,1660,
,23/01/2018,0.6,Red,NR,NR,1650,
,24/01/2018,0.5,Red,NR,NR,1660,
,25/01/2018,0.3,Red,NR,NR,1655,
,26/01/2018,0.4,Red,NR,NR,1645,
,27/01/2018,0.4,Red,NR,NR,1670,
,28/01/2018,0.3,Red,NR,NR,1645,
,30/01/2018,0.3,Red,NR,NR,1660,
,31/01/2018,0.4,Red,NR,NR,1660,
Khekda,09/01/2018,0.1,Red,NR,NR,4000,
,31/01/2018,0.1,Red,NR,NR,3600,
Khurja,02/01/2018,11,Red,2000,2450,2200,
,03/01/2018,7,Red,2100,2500,2300,
,04/01/2018,8.5,Red,2150,2550,2350,
,05/01/2018,12,Red,2150,2550,2375,
,06/01/2018,7,Red,2150,2550,2400,
,08/01/2018,8,Red,2150,2550,2400,
,09/01/2018,10,Red,2150,2550,2425,
,10/01/2018,8,Red,2200,2600,2450,
,11/01/2018,5.5,Red,2240,2700,2500,
,12/01/2018,4.5,Red,2300,2750,2550,
,13/01/2018,6,Red,2400,2800,2600,
,15/01/2018,7.5,Red,2500,2800,2600,
,16/01/2018,6,Red,2450,2800,2625,
,17/01/2018,5,Red,2460,2820,2630,
,18/01/2018,7,Red,2450,2800,2600,
,19/01/2018,10,Red,2450,2800,2600,
,20/01/2018,5.5,Red,2450,2800,2620,
,23/01/2018,5,Red,2400,2800,2600,
,24/01/2018,7,Red,2400,2825,2625,
,25/01/2018,4,Red,2400,2800,2600,
,26/01/2018,6,Red,2500,2900,2700,
,27/01/2018,7,Red,2500,2900,2730,
,29/01/2018,5,Red,2600,2950,2750,
,30/01/2018,8,Red,2600,2960,2770,
,31/01/2018,5.5,Red,2650,3000,2820,
Kiratpur,01/01/2018,1.5,Red,1450,1550,1500,
,03/01/2018,1.9,Red,1530,1580,1550,
,05/01/2018,1.2,Red,1500,1580,1540,
,06/01/2018,1.5,Red,1500,1600,1550,
,07/01/2018,1.5,Red,1500,1560,1530,
,08/01/2018,1.4,Red,1480,1520,1500,
,09/01/2018,1.6,Red,1500,1540,1520,
,11/01/2018,1.5,Red,1500,1520,1510,
,13/01/2018,1.5,Red,1520,1570,1550,
,15/01/2018,1.3,Red,1480,1520,1500,
,17/01/2018,2,Red,1480,1520,1500,
,18/01/2018,1.5,Red,1500,1530,1515,
,20/01/2018,2,Red,1480,1520,1500,
,21/01/2018,1.5,Red,1450,1550,1500,
,23/01/2018,1.5,Red,1950,2050,2000,
,25/01/2018,1.2,Red,1950,2050,2000,
,26/01/2018,1.5,Red,2000,2100,2050,
,27/01/2018,1.2,Red,2000,2100,2050,
,28/01/2018,1.5,Red,2000,2100,2060,
,29/01/2018,1.4,Red,1950,2150,2000,
Konch,01/01/2018,8.6,Red,2200,2400,2300,
,05/01/2018,7,Red,2200,2450,2350,
,06/01/2018,0.5,Red,2000,2350,2280,
,07/01/2018,7.5,Red,2200,2400,2320,
,08/01/2018,4,Red,2300,2500,2400,
,09/01/2018,6,Red,2400,2650,2600,
,11/01/2018,4.4,Red,2475,2700,2650,
,12/01/2018,7.1,Red,2700,2875,2800,
,16/01/2018,7.5,Red,2580,2800,2690,
,18/01/2018,0.6,Red,2675,2800,2750,
,19/01/2018,6.5,Red,2650,2830,2750,
,20/01/2018,5,Red,2700,2840,2800,
,21/01/2018,5.5,Red,2700,2850,2800,
,23/01/2018,5,Red,2650,2820,2750,
,25/01/2018,7.5,Red,2300,2460,2400,
,27/01/2018,5,Red,2400,2550,2500,
,29/01/2018,7,Red,2300,2470,2400,
,30/01/2018,7,Red,2050,2240,2150,
Kopaganj,01/01/2018,53,Red,3050,3150,3100,
,02/01/2018,57,Red,3000,3100,3060,
,03/01/2018,58,Red,3000,3100,3050,
,04/01/2018,69,Red,3000,3100,3045,
,05/01/2018,68,Red,3000,3100,3050,
,06/01/2018,76,Red,3000,3100,3040,
,08/01/2018,82,Red,2975,3075,3025,
,09/01/2018,80,Red,3050,3150,3100,
,10/01/2018,77,Red,3075,3175,3125,
,11/01/2018,80,Red,3050,3150,3100,
,12/01/2018,77,Red,3125,3225,3180,
,13/01/2018,76,Red,3150,3250,3200,
,16/01/2018,80,Red,3100,3200,3150,
,17/01/2018,77,Red,3150,3250,3200,
,18/01/2018,81,Red,3075,3175,3125,
,19/01/2018,80,Red,3000,3100,3050,
,20/01/2018,82,Red,2950,3050,3000,
,22/01/2018,90,Red,2950,3050,2990,
,23/01/2018,88,Red,2950,3050,3000,
,24/01/2018,85,Red,3000,3100,3050,
,25/01/2018,83,Red,3050,3150,3100,
,26/01/2018,82,Red,3100,3200,3150,
,27/01/2018,82,Red,3100,3200,3160,
,29/01/2018,80,Red,3150,3250,3200,
,30/01/2018,75,Red,3175,3275,3225,
,31/01/2018,80,Red,3100,3200,3160,
Kosikalan,01/01/2018,12.5,Red,2870,3000,2900,
,02/01/2018,13,Red,2750,2900,2800,
,03/01/2018,14.5,Red,2900,3130,2940,
,04/01/2018,12,Red,2900,3000,2960,
,06/01/2018,13,Red,2960,3050,3000,
,08/01/2018,14,Red,2850,3000,2900,
,09/01/2018,12,Red,3000,3100,3050,
,10/01/2018,11,Red,2960,3150,3100,
,11/01/2018,10.5,Red,2960,3050,3000,
,12/01/2018,9,Red,2960,3100,3020,
,15/01/2018,8,Red,2900,3020,2970,
,16/01/2018,8.5,Red,2900,3000,2950,
,17/01/2018,8,Red,2870,2980,2900,
,18/01/2018,9,Red,3000,3150,3100,
,19/01/2018,7,Red,3000,3100,3060,
,20/01/2018,6.5,Red,2850,3000,2900,
,22/01/2018,7.5,Red,3000,3100,3060,
,23/01/2018,8.5,Red,2900,3000,2935,
,24/01/2018,7,Red,2950,3045,3000,
,25/01/2018,6.5,Red,2780,2950,2800,
,27/01/2018,6,Red,2960,3100,3020,
,29/01/2018,6.5,Red,2740,2865,2800,
,30/01/2018,4,Red,2800,2900,2825,
Lakhimpur,01/01/2018,25,Red,2600,2700,2650,
,02/01/2018,30,Red,2650,2720,2700,
,03/01/2018,28,Red,2640,2710,2690,
,04/01/2018,30,Red,2620,2720,2670,
,05/01/2018,32,Red,2600,2700,2660,
,06/01/2018,31,Red,2650,2700,2670,
,07/01/2018,35,Red,2600,2700,2650,
,08/01/2018,20,Red,2650,2750,2700,
,09/01/2018,30,Red,2600,2700,2650,
,10/01/2018,32,Red,2580,2700,2620,
,11/01/2018,35,Red,2580,2700,2620,
,12/01/2018,36,Red,2580,2680,2610,
,13/01/2018,35.9,Red,2580,2640,2600,
,14/01/2018,35,Red,2580,2680,2600,
,15/01/2018,30,Red,2550,2670,2600,
,16/01/2018,35,Red,2500,2700,2600,
,17/01/2018,37,Red,2500,2700,2610,
,18/01/2018,38,Red,2500,2700,2600,
,19/01/2018,40,Red,2520,2650,2590,
,20/01/2018,41,Red,2550,2620,2580,
,21/01/2018,43,Red,2460,2600,2570,
,22/01/2018,30,Red,2500,2600,2550,
,23/01/2018,45,Red,2500,2600,2530,
,24/01/2018,35,Red,2500,2600,2550,
,25/01/2018,37,Red,2500,2600,2550,
,27/01/2018,36,Red,2510,2600,2560,
,28/01/2018,38,Red,2500,2600,2550,
,30/01/2018,35,Red,2500,2630,2580,
,31/01/2018,38,Red,2500,2600,2570,
Lalitpur,01/01/2018,15,Red,2400,2600,2500,
,02/01/2018,15,Red,2400,2750,2600,
,03/01/2018,14,Red,2000,2450,2300,
,10/01/2018,5,Red,2800,3152,3000,
,15/01/2018,5,Red,3000,3600,3500,
,16/01/2018,6,Red,3000,3500,3400,
,22/01/2018,8,Red,2500,3120,3000,
,23/01/2018,9,Red,3100,3200,3150,
,27/01/2018,8,Red,2600,2700,2650,
Lucknow,01/01/2018,73,Red,2800,3100,2900,
,02/01/2018,67,Red,2900,3200,3000,
,03/01/2018,61,Red,2900,3250,3025,
,04/01/2018,21,Red,3000,3300,3100,
,05/01/2018,27,Red,3000,3300,3100,
,06/01/2018,25,Red,3000,3300,3150,
,07/01/2018,23,Red,3100,3250,3150,
,08/01/2018,24.5,Red,3100,3300,3150,
,09/01/2018,30,Red,3050,3350,3175,
,10/01/2018,24,Red,3050,3350,3175,
,11/01/2018,30,Red,3100,3350,3200,
,12/01/2018,34,Red,3100,3350,3200,
,13/01/2018,30,Red,3100,3300,3150,
,14/01/2018,39,Red,3050,3300,3150,
,15/01/2018,44,Red,3050,3300,3150,
,16/01/2018,48,Red,3000,3300,3100,
,17/01/2018,53,Red,3000,3300,3125,
,18/01/2018,48,Red,3000,3300,3100,
,19/01/2018,55,Red,2900,3200,3000,
,20/01/2018,46,Red,2900,3100,3000,
,21/01/2018,59,Red,2800,3150,2900,
,22/01/2018,50,Red,2800,3150,2900,
,23/01/2018,75,Red,2700,2950,2800,
,24/01/2018,77,Red,2700,2900,2800,
,25/01/2018,75,Red,2700,2900,2800,
,27/01/2018,78,Red,2650,2900,2750,
,28/01/2018,60,Red,2800,3000,2850,
,29/01/2018,54,Red,2800,3000,2900,
,30/01/2018,88,Red,2700,3000,2800,
Madhoganj,01/01/2018,3,Red,2450,2510,2480,
,02/01/2018,2.5,Red,2480,2550,2510,
,03/01/2018,3,Red,2500,2600,2540,
,04/01/2018,4,Red,2500,2550,2530,
,05/01/2018,4.5,Red,2480,2550,2510,
,07/01/2018,6.5,Red,2470,2550,2500,
,08/01/2018,4,Red,2470,2550,2510,
,09/01/2018,3.5,Red,2500,2550,2530,
,10/01/2018,2,Red,2600,2650,2630,
,11/01/2018,2.5,Red,2600,2700,2640,
,12/01/2018,2,Red,2600,2650,2620,
,14/01/2018,2.5,Red,2600,2700,2650,
,15/01/2018,4.5,Red,2600,2700,2640,
,16/01/2018,3,Red,2600,2650,2630,
,17/01/2018,4,Red,2600,2650,2620,
,18/01/2018,3,Red,2610,2700,2640,
,19/01/2018,2.5,Red,2615,2700,2650,
,21/01/2018,2.5,Red,2650,2750,2700,
,22/01/2018,4.5,Red,2600,2700,2650,
,23/01/2018,3,Red,2610,2700,2655,
,24/01/2018,6,Red,2600,2650,2630,
,25/01/2018,3.5,Red,2540,2650,2590,
,28/01/2018,3,Red,2600,2700,2650,
,30/01/2018,4.5,Red,2620,2700,2670,
,31/01/2018,3,Red,2600,2700,2650,
Maharajganj,01/01/2018,10,1st Sort,3050,3090,3070,
,02/01/2018,10,1st Sort,3000,3050,3025,
,03/01/2018,10,1st Sort,2950,3000,2975,
,04/01/2018,10,1st Sort,2900,2940,2920,
,05/01/2018,10,1st Sort,2915,2945,2930,
,06/01/2018,10,1st Sort,2915,2950,2935,
,08/01/2018,18,1st Sort,3000,3050,3025,
,09/01/2018,10,1st Sort,2965,3005,2980,
,10/01/2018,10,1st Sort,3000,3030,3015,
,11/01/2018,10,1st Sort,2950,2985,2970,
,12/01/2018,10,1st Sort,2950,2995,2975,
,13/01/2018,10,1st Sort,2925,2970,2950,
,15/01/2018,10,1st Sort,2900,2950,2925,
,16/01/2018,10,1st Sort,2900,2930,2915,
,22/01/2018,12,1st Sort,2950,3000,2975,
,23/01/2018,11,1st Sort,2925,2975,2950,
,24/01/2018,10,1st Sort,2950,3000,2975,
,25/01/2018,10,1st Sort,2900,2950,2925,
,27/01/2018,10,1st Sort,2900,2950,2925,
,29/01/2018,10,1st Sort,2950,3000,2975,
,30/01/2018,10,1st Sort,2900,2950,2930,
,31/01/2018,10,1st Sort,2950,3000,2975,
Mahoba,01/01/2018,4.2,Red,2000,2120,2080,
,03/01/2018,5.6,Red,2080,2170,2120,
,04/01/2018,5.2,Red,2100,2200,2150,
,05/01/2018,4.6,Red,2100,2230,2140,
,06/01/2018,4.2,Red,2070,2200,2120,
,07/01/2018,3.5,Red,2100,2240,2180,
,08/01/2018,3.8,Red,2200,2350,2210,
,10/01/2018,3.2,Red,2200,2340,2250,
,11/01/2018,3.6,Red,2200,2350,2260,
,12/01/2018,3.4,Red,2200,2330,2280,
,13/01/2018,3.8,Red,2300,2430,2350,
,17/01/2018,2,Red,2500,2620,2550,
,18/01/2018,2.4,Red,2500,2630,2560,
,19/01/2018,3.8,Red,2300,2550,2450,
,20/01/2018,3.6,Red,2350,2450,2400,
,21/01/2018,3,Red,2380,2500,2430,
,22/01/2018,3.6,Red,2400,2540,2450,
,24/01/2018,3.5,Red,2400,2550,2470,
,25/01/2018,3.2,Red,2470,2590,2500,
,27/01/2018,3.6,Red,2380,2500,2440,
,28/01/2018,4.2,Red,2350,2460,2410,
,29/01/2018,4.5,Red,2300,2440,2370,
,31/01/2018,3.5,Red,2250,2450,2340,
Mainpuri,01/01/2018,8,Red,2250,2400,2300,
,02/01/2018,7,Red,2300,2400,2350,
,03/01/2018,6,Red,2320,2450,2360,
,04/01/2018,7,Red,2270,2420,2350,
,05/01/2018,6,Red,2280,2420,2340,
,06/01/2018,7,Red,2250,2350,2300,
,08/01/2018,6,Red,2300,2450,2400,
,09/01/2018,7,Red,2300,2420,2390,
,10/01/2018,8, ,NR,NR,NR,
,11/01/2018,9,Red,2280,2400,2350,
,12/01/2018,7,Red,2300,2450,2370,
,13/01/2018,6,Red,2200,2450,2380,
,16/01/2018,8,Red,2270,2400,2360,
,17/01/2018,9,Red,2280,2420,2340,
,18/01/2018,10,Red,2000,2300,2200,
,19/01/2018,9,Red,2160,2300,2250,
,20/01/2018,11,Red,1950,2100,2050,
,22/01/2018,12,Red,1980,2150,2040,
,23/01/2018,11,Red,2000,2100,2060,
,24/01/2018,11.5,Red,1980,2080,2050,
,25/01/2018,12,Red,1950,2050,2000,
,26/01/2018,11,Red,1980,2150,2050,
,27/01/2018,8,Red,2050,2200,2150,
,29/01/2018,7,Red,2250,2450,2350,
,30/01/2018,6,Red,2400,2550,2500,
,31/01/2018,5,Red,2420,2580,2530,
Mathura,01/01/2018,15,Red,2550,2800,2725,
,02/01/2018,12,Red,2560,2820,2735,
,03/01/2018,11,Red,2540,2800,2730,
,04/01/2018,12,Red,2530,2810,2700,
,06/01/2018,11,Red,2570,2850,2750,
,08/01/2018,9,Red,2610,2920,2800,
,09/01/2018,9,Red,2600,2900,2780,
,10/01/2018,8,Red,2700,3150,2950,
,11/01/2018,7.5,Red,2720,3140,2960,
,12/01/2018,8,Red,2750,3200,2940,
,15/01/2018,7,Red,2760,3210,2950,
,16/01/2018,6.5,Red,2760,3210,2950,
,17/01/2018,7,Red,2740,3200,2940,
,18/01/2018,6,Red,2750,3210,2950,
,19/01/2018,7,Red,2740,3210,2930,
,20/01/2018,6,Red,2750,3230,2940,
,22/01/2018,5,Red,2750,3000,2960,
,23/01/2018,7,Red,2740,3000,2950,
,25/01/2018,11,Red,2760,3010,2940,
,27/01/2018,15,Red,2740,3000,2925,
,29/01/2018,14,Red,2750,3010,2935,
,30/01/2018,15,Red,2750,3000,2930,
,31/01/2018,16,Red,2775,3000,2925,
Mau,01/01/2018,53,Red,3050,3150,3100,
,02/01/2018,57,Red,3000,3100,3060,
,03/01/2018,58,Red,3000,3100,3050,
,04/01/2018,69,Red,3000,3100,3045,
,05/01/2018,68,Red,3000,3100,3050,
,06/01/2018,76,Red,3000,3100,3040,
,08/01/2018,82,Red,2975,3075,3025,
,09/01/2018,80,Red,3050,3150,3100,
,10/01/2018,77,Red,2975,3175,3125,
,11/01/2018,80,Red,3050,3150,3100,
,12/01/2018,77,Red,3125,3225,3180,
,13/01/2018,76,Red,3150,3250,3200,
,16/01/2018,80,Red,3100,3200,3150,
,17/01/2018,77,Red,3150,3250,3200,
,18/01/2018,81,Red,3075,3175,3125,
,19/01/2018,80,Red,3000,3100,3050,
,22/01/2018,90,Red,2950,3050,2990,
,23/01/2018,88,Red,2950,3050,3000,
,24/01/2018,85,Red,3000,3100,3050,
,25/01/2018,83,Red,3000,3200,3100,
,26/01/2018,82,Red,3100,3200,3150,
,27/01/2018,82,Red,3100,3200,3160,
,29/01/2018,80,Red,3150,3250,3200,
,30/01/2018,75,Red,3175,3275,3225,
,31/01/2018,80,Red,3100,3200,3160,
Maudaha,03/01/2018,1.8,Red,NR,NR,2350,
,05/01/2018,1.8,Red,NR,NR,2350,
,06/01/2018,1.8,Red,NR,NR,2350,
,10/01/2018,30,Red,2250,2450,2350,
,12/01/2018,50,Red,2200,2450,2350,
,13/01/2018,80,Red,2200,2450,2300,
,14/01/2018,60,Other,2300,2550,2400,
,15/01/2018,80,Other,2250,2450,2350,
,16/01/2018,40,Other,2300,2550,2450,
,17/01/2018,50,Other,2350,2550,2450,
,19/01/2018,80,Red,2350,2650,2450,
,20/01/2018,90,Red,2300,2550,2450,
,21/01/2018,100,Red,2300,2600,2425,
,22/01/2018,120,Red,2250,2600,2400,
,23/01/2018,100,Red,2300,2550,2450,
,24/01/2018,70,Red,2350,2600,2500,
,27/01/2018,60,Red,2450,2750,2600,
,28/01/2018,70,Red,2150,2450,2250,
,29/01/2018,40,Red,2100,2250,2150,
,30/01/2018,45,Red,2000,2300,2100,
,31/01/2018,44,Red,2000,2350,2105,
Mauranipur,02/01/2018,1.2,Other,2560,2640,2600,
,03/01/2018,2,Other,2500,2600,2550,
,04/01/2018,1.6,Other,2500,2580,2540,
,05/01/2018,1.5,Other,2500,2580,2540,
,06/01/2018,1.8,Other,2520,2580,2550,
,07/01/2018,2,Other,2460,2540,2500,
,09/01/2018,1.8,Other,2450,2550,2500,
,10/01/2018,2,Other,2470,2550,2510,
,11/01/2018,1.6,Other,2360,2440,2400,
,12/01/2018,1.5, ,NR,NR,NR,
,13/01/2018,1.2,Other,2360,2440,2400,
,14/01/2018,1.6,Other,2360,2440,2400,
,16/01/2018,1.5,Other,2450,2550,2500,
,17/01/2018,2,Other,2460,2540,2500,
,18/01/2018,1.5,Other,2500,2580,2540,
,19/01/2018,1.8,Other,2480,2560,2520,
,20/01/2018,2,Other,2470,2550,2510,
,21/01/2018,1.5,Other,2460,2540,2500,
,23/01/2018,1.6,Other,2450,2550,2500,
,24/01/2018,1.5,Other,2490,2550,2520,
,25/01/2018,1.8,Other,2200,2300,2250,
,26/01/2018,1.6,Other,2200,2300,2250,
,27/01/2018,1.4,Other,2200,2300,2250,
,30/01/2018,1.5,Other,2200,2300,2250,
,31/01/2018,1.6,Other,2200,2300,2250,
Mawana,01/01/2018,1,Red,3000,3300,3100,
,02/01/2018,1,Red,3100,3300,3200,
,03/01/2018,1,Red,3100,3220,3200,
,04/01/2018,1,Red,3100,3210,3200,
,05/01/2018,1,Red,3100,3200,3150,
,06/01/2018,1,Red,3100,3210,3200,
,07/01/2018,1,Red,3200,3480,3300,
,08/01/2018,1,Red,3300,3500,3400,
,09/01/2018,1,Red,3200,3500,3300,
,10/01/2018,1,Red,3480,3500,3490,
,11/01/2018,1,Red,3200,3400,3300,
,12/01/2018,1,Red,3200,3400,3300,
,13/01/2018,1,Red,3300,3450,3400,
,14/01/2018,1,Red,3200,3400,3350,
,15/01/2018,1,Red,3200,3400,3300,
,16/01/2018,1,Red,3200,3400,3300,
,17/01/2018,1,Red,3200,3400,3300,
,18/01/2018,1,Red,3200,3400,3300,
,19/01/2018,1,Red,3200,3400,3300,
,20/01/2018,1,Red,3250,3400,3350,
,21/01/2018,1,Red,3200,3400,3300,
,22/01/2018,1,Red,3200,3400,3300,
,23/01/2018,1,Red,3200,3400,3300,
,24/01/2018,1,Red,3200,3220,3210,
,25/01/2018,1,Red,3200,3300,3250,
,26/01/2018,1,Red,3200,3300,3250,
,27/01/2018,1,Red,3200,3280,3250,
,28/01/2018,1,Red,3200,3300,3250,
,29/01/2018,1,Red,3200,3250,3210,
,30/01/2018,1,Red,3200,3300,3250,
,31/01/2018,1,Red,3200,3300,3250,
Meerut,01/01/2018,26,Red,2830,3000,2890,
,02/01/2018,24.5,Red,2830,2965,2900,
,03/01/2018,20,Red,2850,3000,2950,
,04/01/2018,24,Red,2825,3000,2900,
,05/01/2018,20,Red,2825,3000,2900,
,06/01/2018,19,Red,2830,3050,2920,
,08/01/2018,11,Red,2880,3050,2950,
,09/01/2018,21,Red,2820,3000,2900,
,10/01/2018,12.5,Red,2850,3125,3050,
,11/01/2018,12,Red,2850,3125,3060,
,12/01/2018,14.5,Red,2900,3150,3040,
,13/01/2018,16,Red,2900,3125,3030,
,15/01/2018,15,Red,2900,3125,3025,
,16/01/2018,16,Red,2850,3100,3000,
,17/01/2018,12,Red,2850,3100,3025,
,18/01/2018,12.5,Red,2850,3100,3020,
,19/01/2018,11,Red,2950,3140,3015,
,20/01/2018,10.5,Red,2950,3150,3025,
,22/01/2018,11.5,Red,2950,3150,3020,
,23/01/2018,14,Red,2950,3150,3020,
,24/01/2018,12.5,Red,2950,3150,3050,
,25/01/2018,16.5,Red,2950,3025,3025,
,27/01/2018,24,Red,2900,3000,2950,
,29/01/2018,18,Red,2900,3150,3000,
,30/01/2018,21,Red,2850,3100,2900,
,31/01/2018,29,Red,2850,3100,2890,
Mehmoodabad,03/01/2018,11,Red,2380,2640,2520,
,06/01/2018,14,Red,2380,2620,2510,
,08/01/2018,11,Red,2550,2770,2680,
,09/01/2018,13,Red,2520,2740,2650,
,11/01/2018,15,Red,2580,2800,2700,
,16/01/2018,18,Red,2510,2770,2650,
,17/01/2018,13,Red,2580,2760,2690,
,23/01/2018,16,Red,2420,2660,2550,
,25/01/2018,17,Red,2400,2600,2520,
,27/01/2018,18,Red,2380,2600,2500,
Mirzapur,01/01/2018,8,Other,3150,3250,3200,
,,,Red,3140,3240,3200,
,02/01/2018,7.5,Red,3180,3270,3230,
,03/01/2018,7.5,Red,3175,3260,3230,
,04/01/2018,8.5,Red,3220,3310,3285,
,05/01/2018,9,Red,3170,3260,3220,
,06/01/2018,10,Red,3150,3240,3210,
,08/01/2018,12,Red,3085,3145,3120,
,09/01/2018,11,Red,3080,3170,3110,
,10/01/2018,9,Red,3060,3150,3100,
,11/01/2018,8.5,Red,3045,3120,3080,
,12/01/2018,9.5,Red,3010,3120,3070,
,13/01/2018,8,Red,3045,3125,3075,
,15/01/2018,10,Red,3220,3290,3260,
,16/01/2018,11,Red,3200,3290,3270,
,17/01/2018,12,Red,3200,3300,3275,
,18/01/2018,13,Red,3220,3315,3280,
,19/01/2018,12,Red,3230,3300,3270,
,20/01/2018,13,Red,3220,3300,3275,
,22/01/2018,14,Red,3040,3110,3080,
,23/01/2018,15,Red,3000,3080,3050,
,24/01/2018,17,Red,2950,3060,3000,
,25/01/2018,16,Red,2945,3020,2980,
,27/01/2018,18,Red,2940,3010,2970,
,29/01/2018,13,Red,2980,3060,3025,
,30/01/2018,15,Red,2960,3070,3030,
,31/01/2018,16,Red,2970,3075,3040,
Moth,12/01/2018,2,Other,2000,2500,2400,
,16/01/2018,2.5,Other,2000,2350,2300,
,17/01/2018,3,Other,2000,2400,2325,
,26/01/2018,3.5,Nasik,2000,2300,2250,
Muradabad,01/01/2018,40,Nasik,2850,2950,2900,
,02/01/2018,25,Nasik,2950,3000,2975,
,03/01/2018,40,Nasik,2950,3100,3000,
,04/01/2018,35,Nasik,2900,3000,2950,
,05/01/2018,28,Nasik,2950,3100,3000,
,06/01/2018,26,Nasik,2900,3100,3000,
,07/01/2018,35,Nasik,2940,3010,2980,
,08/01/2018,30,Nasik,3000,3100,3050,
,09/01/2018,25,Nasik,3125,3220,3175,
,10/01/2018,28,Nasik,3110,3200,3160,
,11/01/2018,34,Nasik,3050,3200,3100,
,12/01/2018,26,Nasik,3100,3200,3150,
,13/01/2018,30,Nasik,3140,3220,3180,
,14/01/2018,25,Nasik,3100,3200,3150,
,15/01/2018,30,Nasik,3150,3200,3170,
,16/01/2018,25,Nasik,3100,3200,3150,
,17/01/2018,35,Nasik,3050,3150,3100,
,18/01/2018,40,Nasik,3025,3075,3050,
,19/01/2018,45,Nasik,2950,3050,3000,
,20/01/2018,30,Nasik,2980,3075,3025,
,21/01/2018,28,Nasik,2950,3050,3000,
,22/01/2018,35,Nasik,2930,3020,2980,
,23/01/2018,40,Nasik,2900,3000,2950,
,24/01/2018,30,Nasik,2920,3020,2970,
,25/01/2018,40,Nasik,2900,3000,2950,
,26/01/2018,30,Nasik,2920,3000,2970,
,27/01/2018,28,Nasik,2930,3010,2975,
,28/01/2018,40,Nasik,2950,3050,3000,
,29/01/2018,50,Nasik,2940,3020,2980,
,30/01/2018,35,Nasik,2850,2950,2900,
Muradnagar,02/01/2018,22,Red,2200,2400,2300,
,03/01/2018,6,Red,2200,2300,2250,
,04/01/2018,7,Red,2600,3000,2800,
,06/01/2018,5,Red,2600,2850,2700,
,09/01/2018,4,Red,2700,3000,2850,
,10/01/2018,10,Red,2700,3000,2900,
,13/01/2018,18,Red,2500,2800,2750,
,16/01/2018,10,Red,2500,2800,2650,
,19/01/2018,27,Red,2800,3000,2950,
Muskara,07/01/2018,1,Red,2300,2500,2400,
,10/01/2018,1.5,Red,2350,2450,2400,
,11/01/2018,2,Red,2350,2450,2400,
,12/01/2018,2.5,Red,2200,2400,2350,
,13/01/2018,4,Red,2300,2400,2350,
,14/01/2018,3,Red,2350,2450,2400,
,16/01/2018,3.5,Red,2350,2500,2400,
,18/01/2018,2.5,Red,2350,2500,2400,
,19/01/2018,3,Red,2350,2500,2400,
,20/01/2018,3.5,Red,2350,2450,2400,
,21/01/2018,3,Red,2350,2500,2400,
,23/01/2018,2.5,Red,2350,2500,2400,
,24/01/2018,3,Red,2450,2600,2550,
,27/01/2018,2.5,Red,2450,2650,2550,
,28/01/2018,3,Red,2450,2650,2550,
,30/01/2018,2.5,Red,2500,2650,2550,
Muzzafarnagar,01/01/2018,22,Onion,2900,3000,2950,
,03/01/2018,25,Onion,2430,3250,2900,
,04/01/2018,15,Onion,2600,3090,2900,
,05/01/2018,14,Onion,2890,3000,2950,
,06/01/2018,12,Onion,2800,3000,2950,
,07/01/2018,26,Onion,2800,3010,2960,
,08/01/2018,15,Onion,2500,3020,2950,
,09/01/2018,21,Onion,2900,3000,2950,
,10/01/2018,19,Onion,2850,3000,2950,
,11/01/2018,15,Onion,2900,3050,3020,
,12/01/2018,15,Onion,2900,3100,3030,
,13/01/2018,24,Onion,2900,3100,3000,
,15/01/2018,25,Onion,3000,3100,3030,
,16/01/2018,15,Onion,3000,3100,3030,
,17/01/2018,23,Onion,2990,3100,3000,
,18/01/2018,17,Onion,2900,3000,2980,
,19/01/2018,18,Onion,2900,3000,2980,
,20/01/2018,18,Onion,2900,3000,2980,
,21/01/2018,17,Onion,2900,3060,3000,
,22/01/2018,22,Onion,2900,3030,3000,
,23/01/2018,10,Onion,2950,3000,2980,
,24/01/2018,18,Onion,2990,3050,3000,
,25/01/2018,15,Onion,2900,3020,2990,
,26/01/2018,22,Onion,2960,3030,3000,
,27/01/2018,11,Onion,2990,3050,3025,
,28/01/2018,22,Onion,2950,3050,3010,
,29/01/2018,14,Onion,2990,3050,3010,
,30/01/2018,19,Onion,2900,3000,2980,
Naanpara,01/01/2018,4,Red,3000,3075,3050,
,02/01/2018,4.8,Red,2985,3060,3025,
,05/01/2018,6,Red,2925,2965,2950,
,06/01/2018,5.5,Red,2900,2980,2950,
,07/01/2018,6.5,Red,2900,2960,2925,
,09/01/2018,4.8,Red,2980,3050,3010,
,11/01/2018,4,Red,3120,3185,3150,
,12/01/2018,4.5,Other,3120,3200,3150,
,13/01/2018,4.6,Red,3140,3185,3165,
,15/01/2018,5,Red,3140,3185,3165,
,16/01/2018,3.8,Red,3175,3225,3200,
,17/01/2018,4.5,Red,3170,3240,3200,
,18/01/2018,5,Other,3200,3250,3225,
,19/01/2018,4,Red,3220,3275,3250,
,20/01/2018,5.5,Red,3225,3280,3250,
,23/01/2018,4.5,Red,3200,3250,3225,
,25/01/2018,3.5,Red,3275,3340,3300,
,27/01/2018,3,Red,3300,3350,3325,
,29/01/2018,3.5,Other,3225,3425,3325,
,30/01/2018,4.8,Red,3100,3170,3150,
,31/01/2018,6,Red,3000,3050,3025,
Nagina,01/01/2018,1.2,Red,2200,2300,2250,
,03/01/2018,0.6,Red,2250,2300,2275,
,04/01/2018,1.6,Red,2150,2200,2175,
,09/01/2018,1.2,Red,2100,2250,2150,
,10/01/2018,1.7,Red,2150,2200,2175,
,11/01/2018,0.5,Red,2100,2200,2150,
,12/01/2018,0.4,Red,2000,2100,2050,
,13/01/2018,1.3,Red,2100,2150,2120,
,14/01/2018,1.6,Red,2050,2100,2075,
,15/01/2018,1.4,Red,2100,2150,2120,
,16/01/2018,1.4,Red,2100,2150,2120,
,17/01/2018,1.4,Red,2050,2100,2075,
,18/01/2018,1.8,Red,2100,2150,2120,
,19/01/2018,2,Red,2100,2200,2150,
,20/01/2018,2.4,Red,2000,2050,2020,
,21/01/2018,0.6,Red,1850,1900,1875,
,22/01/2018,1.8,Red,1950,2000,1975,
,23/01/2018,1.5,Red,1950,2000,1975,
,24/01/2018,1.4,Red,2000,2100,2050,
,25/01/2018,1.7,Red,2000,2050,2020,
,27/01/2018,1.9,Red,2000,2050,2020,
,29/01/2018,4,Red,2000,2100,2050,
,30/01/2018,5.8,Red,2000,2100,2050,
Najibabad,01/01/2018,7,Onion,1350,1450,1400,
,03/01/2018,8,Onion,1350,1420,1400,
,04/01/2018,5,Onion,1400,1430,1410,
,05/01/2018,6,Onion,1400,1450,1430,
,06/01/2018,4, ,NR,NR,NR,
,07/01/2018,8,Onion,1380,1420,1400,
,08/01/2018,6,Onion,1400,1440,1420,
,09/01/2018,5,Onion,1350,1450,1400,
,10/01/2018,7,Onion,1420,1470,1450,
,11/01/2018,8,Onion,1400,1450,1420,
,12/01/2018,7,Onion,1350,1450,1400,
,13/01/2018,5,Onion,1350,1420,1400,
,14/01/2018,6,Onion,1420,1470,1450,
,15/01/2018,8,Onion,1420,1470,1450,
,16/01/2018,10,Onion,1450,1490,1470,
,17/01/2018,8,Onion,1420,1470,1450,
,18/01/2018,6,Onion,1420,1470,1450,
,19/01/2018,5,Onion,1400,1440,1420,
,20/01/2018,5,Onion,1420,1460,1440,
,21/01/2018,4,Onion,1350,1450,1400,
,22/01/2018,3,Onion,2400,2600,2500,
,23/01/2018,5,Onion,2450,2550,2500,
,24/01/2018,5.5,Onion,2450,2550,2500,
,25/01/2018,4,Onion,2400,2600,2500,
,26/01/2018,10,Onion,2700,2900,2800,
,27/01/2018,10,Onion,2650,2750,2700,
,28/01/2018,6,Onion,2100,2300,2200,
,29/01/2018,3,Onion,2200,2400,2300,
,30/01/2018,10,Onion,2300,2400,2350,
,31/01/2018,7,Onion,2250,2350,2300,
Nanuta,01/01/2018,0.15,1st Sort,2000,2300,2200,
,02/01/2018,0.12,1st Sort,2200,2400,2300,
,03/01/2018,0.5,1st Sort,2200,2390,2300,
,04/01/2018,0.1,1st Sort,2200,2400,2300,
,05/01/2018,0.2,1st Sort,2000,2300,2200,
,06/01/2018,0.1,1st Sort,2200,2400,2300,
,08/01/2018,0.13,1st Sort,2000,2400,2200,
,09/01/2018,0.25,1st Sort,2000,2300,2200,
,11/01/2018,0.16,1st Sort,2200,2400,2300,
,12/01/2018,0.28,1st Sort,2200,2500,2400,
,13/01/2018,0.16,1st Sort,2200,2400,2300,
,15/01/2018,0.4,1st Sort,2200,2400,2300,
,16/01/2018,0.4,1st Sort,2200,2400,2300,
,17/01/2018,0.3,1st Sort,2200,2400,2300,
,18/01/2018,0.13,1st Sort,2200,2400,2350,
,19/01/2018,0.16,1st Sort,2300,2500,2400,
,20/01/2018,0.1,1st Sort,2300,2500,2400,
,21/01/2018,0.2,1st Sort,2300,2550,2400,
,22/01/2018,0.1,1st Sort,2300,2500,2400,
,23/01/2018,0.1,1st Sort,2200,2350,2300,
,24/01/2018,0.2,1st Sort,2300,2600,2400,
,26/01/2018,0.1,1st Sort,2300,2500,2400,
,27/01/2018,0.1,1st Sort,2230,2400,2300,
,29/01/2018,0.18,1st Sort,2200,2400,2300,
,30/01/2018,0.1,1st Sort,2300,2500,2400,
,31/01/2018,0.15,1st Sort,2350,2500,2400,
Nawabganj,01/01/2018,0.5,White,3100,3150,3120,
,02/01/2018,0.8,White,3200,3240,3230,
,03/01/2018,1.3,White,3100,3150,3120,
,04/01/2018,1.7,White,3200,3240,3220,
,05/01/2018,0.5,White,3200,3250,3210,
,06/01/2018,2,White,3100,3160,3130,
,07/01/2018,0.3,White,3100,3150,3120,
,08/01/2018,0.3,White,3120,3150,3130,
,09/01/2018,0.5,White,3050,3120,3100,
,10/01/2018,1.2,White,3000,3100,3050,
,11/01/2018,0.3,White,3000,3050,3030,
,12/01/2018,1.3,White,3000,3060,3030,
,13/01/2018,0.5,White,3100,3140,3120,
,14/01/2018,0.3,White,3100,3120,3110,
,15/01/2018,1.3,White,3050,3100,3070,
,16/01/2018,1.3,White,3000,3050,3020,
,17/01/2018,1.4,White,3100,3150,3120,
,18/01/2018,2,White,3020,3050,3030,
,19/01/2018,1.2,White,3050,3065,3060,
,20/01/2018,0.3,White,3060,3120,3100,
,21/01/2018,0.4,White,3100,3160,3120,
,22/01/2018,0.5,White,3140,3160,3150,
,23/01/2018,0.6,White,3100,3150,3120,
,24/01/2018,0.6,White,3010,3030,3020,
,25/01/2018,0.4,White,3100,3120,3110,
,27/01/2018,0.8,White,3010,3030,3020,
,28/01/2018,0.2,White,3000,3030,3020,
,29/01/2018,0.1,White,3000,3020,3010,
,30/01/2018,5,White,3000,3030,3020,
,31/01/2018,1.3,White,2950,3020,3000,
Noida,02/01/2018,2.5,Onion,2845,2867,2850,
,03/01/2018,2.5,Onion,2236,2285,2250,
,05/01/2018,2.5,Onion,2136,2165,2150,
,06/01/2018,2,Onion,1110,1120,1115,
,08/01/2018,1.8,Onion,1150,1210,1175,
,09/01/2018,3.2,Onion,2450,2475,2470,
,12/01/2018,3.5,Onion,2120,2145,2125,
,16/01/2018,3.6,Onion,1845,1870,1850,
,17/01/2018,2.4,Onion,1980,2020,1995,
,18/01/2018,3.7,Onion,2012,2045,2025,
,19/01/2018,3.8,Onion,2025,2085,2056,
,22/01/2018,3.5,Onion,1856,1885,1870,
,25/01/2018,2.5,Onion,2135,2185,2170,
,27/01/2018,2.5,Onion,2125,2210,2145,
,29/01/2018,2.4,Onion,2122,2175,2135,
,30/01/2018,1.5,Onion,1985,2045,2021,
,31/01/2018,2.6,Onion,2125,2156,2140,
Orai,01/01/2018,7.5,Other,1900,2000,1950,
,03/01/2018,6,Other,1900,2000,1950,
,04/01/2018,6,Other,1900,2000,1950,
,05/01/2018,5,Other,2300,2500,2400,
,06/01/2018,6,Other,2300,2500,2400,
,07/01/2018,7.5,Other,2300,2500,2400,
,08/01/2018,5,Other,2300,2500,2400,
,10/01/2018,7.5,Other,2600,3000,2800,
,11/01/2018,8,Other,2600,3000,2800,
,12/01/2018,6,Other,2600,3000,2800,
,13/01/2018,7.5,Other,3000,3500,3200,
,14/01/2018,10,Other,3000,3500,3200,
,15/01/2018,7.5,Other,3000,3500,3200,
,17/01/2018,8,Other,2600,3000,2800,
,18/01/2018,7.5,Other,2300,2500,2400,
,19/01/2018,6,Other,1900,2000,1950,
,20/01/2018,6.5,Other,1900,2000,1950,
,21/01/2018,7.5,Other,1900,2000,1950,
,22/01/2018,5,Other,1900,2000,1950,
,24/01/2018,7.5,Other,1900,2000,1950,
,25/01/2018,11,Other,1900,2000,1950,
,26/01/2018,5,Other,1900,2000,1950,
,27/01/2018,4.5,Other,1900,2000,1950,
,28/01/2018,7.5,Other,1900,2000,1950,
,29/01/2018,8,Other,1900,2000,1950,
,31/01/2018,6,Other,1900,2000,1950,
Paliakala,01/01/2018,20,Red,2480,2580,2500,
,02/01/2018,18,Red,2510,2600,2540,
,03/01/2018,22,Red,2540,2600,2560,
,04/01/2018,20,Red,2550,2650,2580,
,05/01/2018,24,Red,2550,2650,2590,
,06/01/2018,27,Red,2600,2700,2640,
,08/01/2018,25,Red,2600,2670,2630,
,09/01/2018,23,Red,2600,2700,2650,
,10/01/2018,20,Red,2610,2700,2660,
,11/01/2018,18,Red,2600,2700,2650,
,12/01/2018,15,Red,2600,2700,2640,
,13/01/2018,16,Red,2600,2700,2650,
,15/01/2018,15,Red,2600,2680,2630,
,16/01/2018,14,Red,2550,2650,2600,
,17/01/2018,17,Red,2590,2650,2620,
,18/01/2018,20,Red,2550,2650,2600,
,19/01/2018,25,Red,2600,2700,2640,
,20/01/2018,27,Red,2600,2650,2620,
,22/01/2018,25,Red,2550,2650,2600,
,23/01/2018,29,Red,2500,2600,2550,
,24/01/2018,23,Red,2500,2550,2520,
,25/01/2018,20,Red,2470,2540,2500,
,27/01/2018,24,Red,2580,2680,2610,
,29/01/2018,25,Red,2590,2650,2620,
,30/01/2018,27,Red,2610,2700,2640,
,31/01/2018,28,Red,2600,2700,2650,
Partaval,01/01/2018,10,Red,2950,3050,3000,
,02/01/2018,20,Red,2900,3000,2950,
,03/01/2018,19,Red,2900,3000,2950,
,04/01/2018,20,Red,2950,3050,3000,
,05/01/2018,8,Red,2900,3000,2950,
,06/01/2018,15,Red,2900,3000,2950,
,08/01/2018,10,Red,2900,3000,2975,
,09/01/2018,20,Red,2900,3050,2975,
,10/01/2018,8,Red,2900,3000,2975,
,11/01/2018,15,Red,3050,3150,3100,
,12/01/2018,5,Red,3000,3200,3100,
,13/01/2018,4.5,Red,3050,3150,3100,
,15/01/2018,10,Red,2950,3050,3000,
,16/01/2018,10,Red,2950,3050,3000,
,17/01/2018,9,Red,3000,3100,3050,
,18/01/2018,20,Red,3000,3100,3050,
,19/01/2018,10,Red,3025,3125,3075,
,20/01/2018,6,Red,3100,3200,3150,
,22/01/2018,15,Red,3100,3200,3150,
,23/01/2018,20,Red,3100,3200,3150,
,24/01/2018,5,Red,3100,3200,3150,
,25/01/2018,20,Red,3100,3150,3125,
,26/01/2018,15,Red,3100,3150,3130,
,27/01/2018,10,Red,3100,3200,3150,
,29/01/2018,12.5,Red,3100,3150,3125,
,30/01/2018,5,Red,3100,3150,3125,
,31/01/2018,4,Red,3100,3150,3125,
Pilibhit,01/01/2018,48.5,Local,2620,2660,2640,
,02/01/2018,48,Local,2610,2650,2630,
,03/01/2018,42.5,Local,2620,2650,2635,
,04/01/2018,3.5,Local,2610,2650,2630,
,05/01/2018,38.5,Local,2620,2650,2635,
,06/01/2018,41.5,Local,2610,2650,2630,
,07/01/2018,40,Local,2650,2680,2665,
,08/01/2018,41.5,Local,2660,2700,2680,
,09/01/2018,38,Local,2680,2720,2700,
,10/01/2018,30,Local,2700,2740,2720,
,11/01/2018,34,Local,2720,2760,2740,
,12/01/2018,40,Local,2740,2780,2760,
,13/01/2018,38,Local,2770,2800,2785,
,14/01/2018,36,Local,2780,2820,2800,
,15/01/2018,30,Local,2810,2850,2830,
,16/01/2018,36.5,Local,2820,2860,2840,
,17/01/2018,30,Local,2830,2870,2850,
,18/01/2018,34.5,Local,2850,2880,2865,
,19/01/2018,30,Local,2850,2890,2870,
,20/01/2018,34,Local,2860,2890,2875,
,21/01/2018,38,Local,2875,2900,2885,
,22/01/2018,36,Local,2860,2900,2880,
,23/01/2018,38.5,Local,2870,2910,2890,
,24/01/2018,30,Local,2880,2910,2895,
,25/01/2018,34,Local,2850,2890,2870,
,26/01/2018,32,Local,2840,2880,2860,
,27/01/2018,30,Local,2820,2860,2840,
,28/01/2018,40,Local,2820,2850,2835,
,29/01/2018,38.5,Local,2810,2850,2830,
,30/01/2018,40,Local,2820,2860,2840,
Pratapgarh,02/01/2018,6,Red,3180,3210,3200,
,03/01/2018,8,Red,3180,3210,3200,
,04/01/2018,9,Red,3160,3200,3180,
,05/01/2018,12,Red,3165,3200,3180,
,06/01/2018,7,Red,3155,3195,3175,
,07/01/2018,6,Red,3190,3220,3200,
,08/01/2018,6.5,Red,3200,3225,3210,
,09/01/2018,5,Red,3200,3250,3225,
,10/01/2018,4,Red,3280,3325,3300,
,11/01/2018,6.5,Red,3325,3375,3350,
,12/01/2018,7,Red,3350,3375,3365,
,13/01/2018,6,Red,3385,3415,3400,
,14/01/2018,9,Red,3350,3390,3375,
,15/01/2018,7.5,Red,3350,3380,3365,
,16/01/2018,7,Red,3340,3365,3350,
,17/01/2018,8,Red,3350,3385,3370,
,18/01/2018,6.5,Red,3325,3365,3350,
,19/01/2018,7.5,Red,3330,3370,3350,
,20/01/2018,11,Red,3350,3375,3360,
,21/01/2018,9,Red,3325,3350,3340,
,22/01/2018,7.5,Red,3320,3350,3340,
,23/01/2018,8,Red,3285,3315,3300,
,24/01/2018,8.5,Red,3270,3325,3300,
,25/01/2018,7,Red,3280,3325,3300,
,26/01/2018,9.5,Red,3280,3320,3300,
,27/01/2018,8,Red,3300,3325,3310,
,28/01/2018,8.5,Red,3260,3300,3280,
,29/01/2018,12,Red,3285,3320,3300,
,30/01/2018,9,Red,3255,3300,3280,
,31/01/2018,8,Red,3265,3285,3275,
Pukhrayan,02/01/2018,8,Red,2300,2400,2340,
,03/01/2018,10,Red,2200,2400,2300,
,04/01/2018,11,Red,2300,2400,2350,
,05/01/2018,10,Red,2200,2400,2300,
,06/01/2018,8,Red,2300,2400,2320,
,07/01/2018,7,Red,2300,2400,2330,
,09/01/2018,5,Red,2300,2400,2350,
,10/01/2018,7,Red,2200,2400,2300,
,11/01/2018,5,Red,2400,2550,2500,
,12/01/2018,4.5,Red,2500,2700,2600,
,13/01/2018,6,Red,2500,2600,2550,
,14/01/2018,5,Red,2600,2750,2700,
,16/01/2018,4,Red,2500,2700,2600,
,17/01/2018,5,Red,2500,2600,2550,
,18/01/2018,2.5,Red,2600,2700,2670,
,19/01/2018,1.5,Red,2650,2750,2700,
,20/01/2018,1.5,Red,2630,2800,2700,
,21/01/2018,3.5,Red,2640,2840,2740,
,23/01/2018,2,Red,2750,2850,2800,
,24/01/2018,3.5,Red,2750,2900,2810,
,25/01/2018,5,Red,2710,2910,2810,
,27/01/2018,2.5,Red,2680,2880,2780,
,28/01/2018,4,Red,2680,2880,2780,
,30/01/2018,2,Red,2700,2800,2750,
,31/01/2018,10,Red,2600,2800,2700,
Puranpur,01/01/2018,2,Red,2780,2900,2840,
,02/01/2018,3.5,Red,2700,2830,2760,
,03/01/2018,5,Red,2680,2800,2740,
,04/01/2018,2.5,Red,2680,2830,2750,
,05/01/2018,3.5,Red,2730,2840,2770,
,07/01/2018,4.5,Red,2660,2800,2730,
,08/01/2018,11,Red,2640,2860,2800,
,09/01/2018,2,Red,2700,2800,2750,
,10/01/2018,2.5,Red,2740,2870,2800,
,11/01/2018,3.5,Red,2700,2840,2760,
,12/01/2018,1.5,Red,2730,2880,2800,
,13/01/2018,3.5,Red,2740,2900,2830,
,14/01/2018,4.5,Red,2730,2880,2820,
,16/01/2018,3.6,Red,2760,2880,2835,
,17/01/2018,3.5,Red,2740,2900,2825,
,18/01/2018,4.5,Red,2760,2900,2830,
,19/01/2018,2.5,Red,2840,2980,2900,
,20/01/2018,5.5,Red,2740,2900,2830,
,21/01/2018,6,Red,2740,2890,2820,
,22/01/2018,2.5,Red,2700,2820,2755,
,23/01/2018,4,Red,2700,2830,2765,
,24/01/2018,2,Red,2640,2760,2700,
,25/01/2018,7,Red,2650,2780,2720,
,26/01/2018,5,Red,2670,2800,2730,
,27/01/2018,3.9,Red,2670,2800,2735,
,28/01/2018,2.5,Red,2720,2840,2770,
,29/01/2018,3.5,Red,2700,2850,2760,
,30/01/2018,2,Red,2730,2850,2780,
Puwaha,01/01/2018,2,Nasik,2540,2600,2550,
,02/01/2018,2,Nasik,2520,2550,2530,
,03/01/2018,1,Nasik,2610,2630,2620,
,04/01/2018,1.5,Nasik,2600,2700,2650,
,05/01/2018,1,Nasik,2550,2650,2600,
,07/01/2018,2,Nasik,2650,2750,2700,
,08/01/2018,1,Nasik,2600,2700,2650,
,09/01/2018,2,Nasik,2650,2800,2700,
,10/01/2018,1,Nasik,2600,2800,2700,
,11/01/2018,1,Nasik,2650,2800,2700,
,12/01/2018,1.5,Nasik,2600,2800,2700,
,14/01/2018,2,Nasik,2600,2800,2700,
,15/01/2018,1,Nasik,2600,2800,2700,
,16/01/2018,1,Nasik,2500,2700,2600,
,17/01/2018,1.5,Nasik,2550,2700,2600,
,18/01/2018,0.5,Nasik,2550,2650,2600,
,19/01/2018,1,Nasik,2600,2700,2650,
,22/01/2018,2,Nasik,2500,2700,2600,
,23/01/2018,1,Nasik,2600,2800,2700,
,24/01/2018,2,Nasik,2650,2800,2700,
,25/01/2018,1.5,Nasik,2650,2800,2700,
,28/01/2018,1,Nasik,2700,2850,2800,
,29/01/2018,1,Nasik,2600,2800,2700,
,30/01/2018,1.5,Nasik,2600,2800,2700,
,31/01/2018,6,Nasik,2600,2800,2700,
Raath,01/01/2018,11.5,Red,2300,2420,2400,
,02/01/2018,6.5,Red,2300,2400,2350,
,06/01/2018,7,Red,2300,2500,2400,
,11/01/2018,17,Red,3100,3300,3200,
,13/01/2018,10,Red,2900,3050,2950,
,16/01/2018,11.5,Red,2990,3050,3000,
,18/01/2018,8,Red,3000,3200,3100,
,19/01/2018,8.5,Red,3150,3250,3200,
,20/01/2018,11,Red,3100,3300,3200,
,23/01/2018,8.5,Red,3300,3400,3350,
,25/01/2018,13,Red,3300,3400,3350,
,28/01/2018,9,Red,2400,2500,2450,
Raibareilly,02/01/2018,20,Nasik,2700,2800,2750,
,03/01/2018,15.5,Nasik,2600,2800,2750,
,04/01/2018,20,Nasik,2800,3000,2850,
,05/01/2018,17.5,Nasik,2960,3050,3000,
,06/01/2018,16,Nasik,3000,3100,3060,
,08/01/2018,17.5,Nasik,3200,3350,3275,
,09/01/2018,21,Nasik,3330,3400,3350,
,10/01/2018,22.5,Nasik,3300,3400,3350,
,12/01/2018,31,Nasik,3000,3200,3150,
,13/01/2018,15,Nasik,3260,3400,3300,
,15/01/2018,17.5,Nasik,3000,3250,3200,
,16/01/2018,20,Nasik,3250,3300,3275,
,17/01/2018,32.5,Nasik,3250,3300,3270,
,19/01/2018,26,Nasik,3200,3400,3300,
,20/01/2018,25,Nasik,3200,3400,3310,
,22/01/2018,20.5,Nasik,3375,3450,3400,
,23/01/2018,26,Nasik,3075,3250,3200,
,24/01/2018,20,Nasik,3000,3200,3160,
,25/01/2018,25,Nasik,3150,3200,3160,
,27/01/2018,31,Nasik,3150,3200,3160,
,29/01/2018,25,Nasik,2975,3050,3000,
,30/01/2018,17.5,Nasik,2975,3100,3000,
,31/01/2018,20,Nasik,2775,2850,2800,
Rampur,01/01/2018,5,Beelary-Red,2970,3050,3000,
,02/01/2018,6,Beelary-Red,2920,3000,2965,
,03/01/2018,4.5,Beelary-Red,2920,3000,2960,
,04/01/2018,5,Beelary-Red,3000,3050,3025,
,05/01/2018,6,Beelary-Red,3020,3090,3050,
,06/01/2018,6.5,Beelary-Red,3020,3100,3060,
,07/01/2018,6,Beelary-Red,3050,3100,3070,
,08/01/2018,7.5,Beelary-Red,3080,3130,3100,
,09/01/2018,6.5,Beelary-Red,3100,3160,3125,
,10/01/2018,6,Beelary-Red,3100,3200,3150,
,11/01/2018,7,Beelary-Red,3130,3190,3160,
,12/01/2018,6.5,Beelary-Red,3150,3225,3190,
,13/01/2018,6.5,Beelary-Red,3140,3180,3160,
,14/01/2018,6,Beelary-Red,3100,3200,3150,
,16/01/2018,6.5,Beelary-Red,3100,3180,3140,
,17/01/2018,5,Beelary-Red,3100,3150,3130,
,18/01/2018,6,Beelary-Red,3080,3135,3100,
,19/01/2018,9,Beelary-Red,3000,3070,3050,
,20/01/2018,12.5,Beelary-Red,3000,3050,3025,
,21/01/2018,14,Beelary-Red,2975,3020,3000,
,22/01/2018,12.5,Beelary-Red,2950,3000,2975,
,23/01/2018,15,Beelary-Red,2900,3000,2950,
,24/01/2018,12,Beelary-Red,2900,2950,2930,
,25/01/2018,14,Beelary-Red,2900,2950,2925,
,26/01/2018,11,Beelary-Red,2900,2950,2920,
,27/01/2018,3,Beelary-Red,2880,2940,2910,
,28/01/2018,10,Beelary-Red,2850,2950,2900,
,29/01/2018,7.5,Beelary-Red,2850,2925,2890,
,30/01/2018,7,Beelary-Red,2850,2900,2880,
,31/01/2018,5,Beelary-Red,2850,2900,2870,
Rampurmaniharan,01/01/2018,0.2,Red,1400,1600,1500,
,05/01/2018,1.1,Red,950,1000,969,
,06/01/2018,0.6,Red,900,1100,1000,
,12/01/2018,0.2,Red,2400,2500,2450,
,15/01/2018,0.2,Red,1000,1200,1100,
,16/01/2018,0.1,Red,2400,2600,2500,
,17/01/2018,0.1,Red,1800,2000,1900,
,18/01/2018,0.3,Red,2400,2500,2466,
,20/01/2018,0.2,Red,2300,2500,2400,
,30/01/2018,0.4,Red,2300,2500,2400,
Rasda,02/01/2018,9,Onion,2300,2400,2350,
,04/01/2018,7,Onion,2400,2500,2450,
,10/01/2018,8,Onion,3450,3500,3490,
,11/01/2018,5,Onion,2900,3000,2950,
,12/01/2018,16,Onion,3700,3800,3750,
,16/01/2018,10,Onion,3750,3900,3800,
,17/01/2018,6,Onion,2800,2900,2850,
,18/01/2018,12,Onion,2700,2800,2750,
,19/01/2018,13,Onion,2850,3000,2900,
,20/01/2018,10,Onion,2800,2900,2850,
,21/01/2018,10,Onion,2850,2950,2900,
,22/01/2018,15,Onion,2600,2700,2650,
,23/01/2018,15,Onion,2600,2700,2650,
,24/01/2018,15,Onion,2550,2600,2590,
,25/01/2018,30,Onion,2875,3050,2950,
,26/01/2018,1,Onion,2500,2600,2550,
,27/01/2018,12,Onion,2550,2700,2600,
,29/01/2018,12,Onion,2450,2600,2500,
,30/01/2018,13,Onion,2600,2700,2650,
Robertsganj,01/01/2018,17,Red,2710,3070,2925,
,02/01/2018,14.5,Red,2720,3100,2950,
,04/01/2018,8,Red,3250,3550,3400,
,05/01/2018,6,Red,3310,3500,3415,
,06/01/2018,25,Red,3100,3500,3300,
,07/01/2018,19,Red,3200,3410,3325,
,08/01/2018,30,Red,3150,3420,3290,
,09/01/2018,18,Red,3120,3325,3250,
,11/01/2018,14,Red,3175,3455,3315,
,12/01/2018,9,Red,3200,3440,3350,
,13/01/2018,7.5,Red,3170,3500,3345,
,14/01/2018,6,Red,3150,3500,3340,
,15/01/2018,11,Red,3200,3450,3325,
,16/01/2018,20,Red,3125,3465,3290,
,18/01/2018,2.5,Red,3110,3360,3250,
,19/01/2018,22.5,Red,3100,3300,3200,
,20/01/2018,27.5,Red,3000,3300,3150,
,21/01/2018,20,Red,3000,3300,3175,
,22/01/2018,27.5,Red,2900,3100,3000,
,23/01/2018,31.5,Red,2850,3170,3010,
,25/01/2018,27.5,Red,2800,3200,3000,
,27/01/2018,35,Red,2750,3150,2990,
,28/01/2018,30,Red,2825,3120,2985,
,29/01/2018,21.5,Red,2850,3060,2990,
,30/01/2018,20,Red,2800,3200,2975,
Safdarganj,01/01/2018,11,Red,3000,3050,3025,
,02/01/2018,9,Red,3000,3050,3025,
,03/01/2018,8,Red,3000,3050,3025,
,04/01/2018,9,Red,3000,3100,3050,
,05/01/2018,8,Red,3000,3100,3050,
,06/01/2018,10.5,Red,3000,3100,3050,
,08/01/2018,9,Red,3025,3100,3075,
,09/01/2018,8,Red,3050,3100,3075,
,10/01/2018,7,Red,3050,3150,3100,
,11/01/2018,9,Red,3050,3150,3100,
,12/01/2018,8,Red,3050,3150,3100,
,13/01/2018,9,Red,3000,3100,3050,
,15/01/2018,7,Red,3000,3100,3050,
,16/01/2018,8,Red,3000,3100,3050,
,17/01/2018,7,Red,3050,3150,3100,
,18/01/2018,6,Red,3050,3150,3100,
,19/01/2018,8,Red,3050,3150,3100,
,20/01/2018,7,Red,3100,3200,3150,
,23/01/2018,8,Red,3100,3200,3150,
,24/01/2018,7,Red,3150,3200,3175,
,25/01/2018,8,Red,3150,3200,3175,
,26/01/2018,9,Red,3150,3200,3175,
,27/01/2018,8,Red,3100,3200,3150,
,29/01/2018,9,Red,3000,3100,3050,
,30/01/2018,10.5,Red,2950,3050,3000,
,31/01/2018,9,Red,2950,3050,3000,
Saharanpur,01/01/2018,28,Red,2750,3100,2940,
,02/01/2018,24,Red,2730,3100,2900,
,03/01/2018,22,Red,2800,3100,2900,
,04/01/2018,20,Red,2800,3150,2950,
,05/01/2018,22,Red,2800,3100,2950,
,06/01/2018,20,Red,2750,3180,2960,
,07/01/2018,18,Red,2800,3080,2950,
,08/01/2018,21,Red,2800,3050,2950,
,09/01/2018,20,Red,2750,3100,2960,
,10/01/2018,21, ,NR,NR,NR,
,11/01/2018,17,Red,2800,3300,3050,
,12/01/2018,15,Red,2850,3200,3050,
,13/01/2018,14,Red,2800,3200,3020,
,14/01/2018,15,Red,2800,3200,3010,
,16/01/2018,16,Red,2800,3250,3020,
,17/01/2018,17,Red,2750,3200,2990,
,18/01/2018,20,Red,2750,3100,2980,
,19/01/2018,25,Red,2750,3200,2985,
,20/01/2018,23,Red,2750,3200,2990,
,21/01/2018,25,Red,2750,3120,2990,
,22/01/2018,23,Red,2800,3160,2990,
,23/01/2018,23.5,Red,2800,3200,2985,
,24/01/2018,15,Red,2800,3250,3000,
,25/01/2018,16,Red,2800,3160,3010,
,26/01/2018,17.5,Red,2825,3200,3015,
,27/01/2018,15,Red,2800,3150,3010,
,28/01/2018,14,Red,2820,3120,3015,
,29/01/2018,20,Red,2850,3150,3010,
,30/01/2018,21,Red,2800,3150,2990,
Sahiyapur,01/01/2018,24.5,Red,2950,3045,3000,
,02/01/2018,31,Red,2950,3050,3000,
,03/01/2018,20,Red,2980,3070,3025,
,04/01/2018,22,Red,2980,3065,3020,
,05/01/2018,24,Red,2950,3055,3000,
,06/01/2018,18,Red,2975,3065,3020,
,08/01/2018,24,Red,3050,3155,3100,
,09/01/2018,30,Red,3200,3300,3250,
,10/01/2018,22.5,Red,3220,3300,3260,
,11/01/2018,31,Red,3200,3310,3260,
,12/01/2018,22,Red,3200,3310,3260,
,13/01/2018,21,Red,3150,3250,3200,
,15/01/2018,20,Red,3180,3270,3225,
,16/01/2018,18,Red,3180,3275,3230,
,17/01/2018,22,Red,3050,3150,3100,
,18/01/2018,24,Red,3150,3260,3200,
,19/01/2018,21,Red,3050,3155,3100,
,20/01/2018,20,Red,2950,3055,3000,
,22/01/2018,34.5,Red,2940,3055,3000,
,23/01/2018,31,Red,2970,3065,3015,
,24/01/2018,24.5,Red,3050,3155,3100,
,25/01/2018,32,Red,3000,3100,3050,
,27/01/2018,28,Red,2980,3075,3025,
,29/01/2018,30,Red,2990,3075,3030,
,30/01/2018,28,Red,2950,3050,3000,
,31/01/2018,32,Red,2980,3070,3025,
Saidpur,16/01/2018,1,Red,2000,3000,2500,
,18/01/2018,1,Red,2000,3000,2500,
,19/01/2018,2,Red,2500,3500,3000,
,21/01/2018,1,Red,2000,3000,2500,
Samsabad,01/01/2018,1,Red,3400,3600,3500,
,02/01/2018,1,Red,3400,3600,3500,
,03/01/2018,1,Red,3400,3600,3500,
,04/01/2018,1,Red,3400,3600,3500,
,05/01/2018,1,Red,3400,3600,3500,
,06/01/2018,1,Red,3400,3600,3500,
,07/01/2018,2,Red,3300,3500,3400,
,08/01/2018,0.6,Red,3500,3700,3600,
,09/01/2018,0.7,Red,3500,3650,3600,
,10/01/2018,0.6,Red,3500,3650,3600,
,13/01/2018,1,Red,3400,3600,3500,
,14/01/2018,1,Red,3500,3650,3600,
,15/01/2018,0.8,Other,3500,3660,3625,
,16/01/2018,0.5,Red,3500,3650,3600,
,17/01/2018,0.4,Red,3500,3650,3600,
,18/01/2018,0.3,Red,3500,3650,3600,
,20/01/2018,0.2,Red,3500,3650,3600,
,21/01/2018,0.2,Red,3500,3700,3600,
,22/01/2018,0.2,Red,3500,3650,3600,
,23/01/2018,0.2,Red,3500,3650,3600,
,24/01/2018,0.2,Red,3500,3650,3600,
,25/01/2018,0.2,Red,3500,3650,3600,
,27/01/2018,0.3,Red,3400,3600,3500,
,28/01/2018,0.2,Red,3400,3600,3500,
,29/01/2018,0.2,Red,3300,3500,3400,
,30/01/2018,0.2,Red,3300,3500,3400,
,31/01/2018,0.2,Red,3300,3500,3400,
Sardhana,01/01/2018,3,Red,2200,2400,2300,
,02/01/2018,2,Red,2200,2400,2300,
,03/01/2018,3,Red,2200,2400,2300,
,04/01/2018,2,Red,2200,2400,2300,
,05/01/2018,3,Red,2200,2400,2300,
,06/01/2018,3,Red,2200,2400,2300,
,07/01/2018,3,Red,2900,3100,3000,
,09/01/2018,3,Red,2600,3000,2800,
,10/01/2018,3,Red,2800,3000,2900,
,11/01/2018,3,Red,2600,3000,2800,
,13/01/2018,3,Red,2600,3000,2800,
,16/01/2018,3,Red,3200,3400,3300,
,18/01/2018,3,Red,3000,3200,3100,
,19/01/2018,3,Red,3100,3300,3200,
,24/01/2018,3,Red,3100,3300,3200,
,27/01/2018,3,Red,3000,3200,3100,
,29/01/2018,3,Red,3000,3200,3100,
,30/01/2018,3,Red,3000,3200,3100,
,31/01/2018,4,Red,3000,3200,3100,
Sehjanwa,10/01/2018,20,Red,3400,3700,3600,
Shahabad(New Mandi),01/01/2018,3,Red,2180,2420,2300,
,02/01/2018,3,Red,2140,2360,2250,
,03/01/2018,2.5,Red,2110,2350,2230,
,05/01/2018,2.6,Red,2120,2360,2240,
,06/01/2018,2.2,Red,2120,2360,2250,
,07/01/2018,2.8,Red,2100,2370,2240,
,08/01/2018,2.5,Red,2120,2370,2260,
,09/01/2018,2.8,Red,2120,2360,2260,
,10/01/2018,3,Red,2130,2360,2250,
,12/01/2018,3.2,Red,2130,2360,2250,
,13/01/2018,3.2,Red,2100,2300,2200,
,14/01/2018,2.5,Red,2120,2330,2220,
,15/01/2018,2.9,Red,2110,2315,2200,
,16/01/2018,3.5,Red,2100,2300,2210,
,17/01/2018,3,Red,2120,2350,2240,
,19/01/2018,2.9,Red,2140,2360,2250,
,20/01/2018,3,Red,2150,2360,2260,
,21/01/2018,3.2,Red,2150,2350,2250,
,22/01/2018,3,Red,2150,2350,2240,
,23/01/2018,2.5,Red,2140,2360,2260,
,24/01/2018,2.2,Red,2140,2360,2240,
,27/01/2018,2.6,Red,2140,2350,2260,
,28/01/2018,3.2,Red,2140,2350,2255,
,29/01/2018,3.2,Red,2140,2350,2250,
,30/01/2018,3, ,NR,NR,NR,
,31/01/2018,2.2,Red,2150,2350,2270,
Shahaswan,07/01/2018,2.1,Other,2950,3010,3000,
,15/01/2018,1.2,Other,2950,3000,2975,
,17/01/2018,4,Other,2980,3000,2990,
Shahganj,01/01/2018,4.6,Red,2920,3070,3000,
,02/01/2018,2,Red,2980,3050,3020,
,03/01/2018,3.5,Red,3000,3120,3060,
,04/01/2018,4,Red,3000,3100,3040,
,05/01/2018,2.5,Red,3000,3050,3020,
,06/01/2018,4.2,Red,3000,3120,3060,
,08/01/2018,6.8,Red,3000,3130,3080,
,09/01/2018,4,Red,3030,3150,3100,
,11/01/2018,2,Red,3170,3240,3200,
,12/01/2018,4,Red,3140,3210,3180,
,13/01/2018,2,Red,3120,3190,3160,
,15/01/2018,1,Red,3180,3300,3220,
,16/01/2018,1.5,Red,3130,3280,3200,
,17/01/2018,4,Red,3130,3210,3180,
,18/01/2018,11.7,Red,3100,3200,3160,
,22/01/2018,5.4,Red,3130,3260,3200,
,24/01/2018,1.5,Red,3190,3250,3220,
,25/01/2018,1,Red,3170,3270,3210,
,27/01/2018,1.2,Red,3170,3230,3200,
,29/01/2018,6,Red,3190,3230,3210,
,31/01/2018,2,Red,3160,3330,3300,
Shahjahanpur,01/01/2018,12.5,Red,2600,2700,2675,
,02/01/2018,10,Red,2600,2700,2675,
,03/01/2018,8,Red,2600,2750,2675,
,04/01/2018,8,Red,2600,2700,2675,
,05/01/2018,9,Red,2600,2700,2650,
,06/01/2018,10,Red,2600,2700,2670,
,08/01/2018,9.5,Red,2700,2800,2730,
,09/01/2018,10.5,Red,2700,2800,2735,
,10/01/2018,10,Red,2600,2700,2690,
,11/01/2018,11,Red,2650,2750,2700,
,12/01/2018,12,Red,2600,2725,2695,
,13/01/2018,10.5,Red,2650,2750,2700,
,14/01/2018,10,Red,2600,2750,2710,
,15/01/2018,11,Red,2650,2750,2705,
,16/01/2018,11.2,Red,2650,2750,2705,
,17/01/2018,10.5,Red,2700,2750,2710,
,18/01/2018,10,Red,2650,2750,2700,
,19/01/2018,14,Red,2600,2750,2690,
,20/01/2018,15,Red,2450,2700,2695,
,21/01/2018,16,Red,2600,2700,2695,
,22/01/2018,14,Red,2600,2710,2695,
,23/01/2018,13.5,Red,2650,2800,2700,
,24/01/2018,13.5,Red,2650,2725,2700,
,26/01/2018,14,Red,2600,2725,2690,
,27/01/2018,1,Red,2675,2750,2700,
,28/01/2018,13,Red,2600,2750,2700,
,29/01/2018,14,Red,2700,2725,2710,
,30/01/2018,13,Red,2650,2750,2705,
,31/01/2018,12,Red,2650,2750,2705,
Shahpur,03/01/2018,0.7,Onion,NR,NR,1460,
,06/01/2018,0.7,Onion,NR,NR,1420,
,07/01/2018,0.6,Onion,NR,NR,1450,
,11/01/2018,0.7,Onion,NR,NR,1460,
,16/01/2018,0.8,Onion,NR,NR,1525,
,18/01/2018,0.6,Onion,NR,NR,1520,
,23/01/2018,0.8,Onion,NR,NR,1480,
,29/01/2018,0.7,Onion,NR,NR,1560,
Shamli,03/01/2018,5,Onion,2670,2850,2730,
,05/01/2018,4,Onion,2680,2870,2800,
,06/01/2018,2,Onion,2650,2900,2800,
,07/01/2018,4,Onion,2700,2900,2810,
,08/01/2018,3,Onion,2710,2900,2820,
,09/01/2018,2.5,Onion,2710,2900,2830,
,11/01/2018,3,Onion,2700,2900,2860,
,12/01/2018,2,Onion,2700,2900,2860,
,13/01/2018,4,Onion,2700,2900,2870,
,14/01/2018,3,Onion,2700,2900,2870,
,15/01/2018,5,Onion,2720,2900,2870,
,16/01/2018,4,Onion,2750,3000,2900,
,17/01/2018,6,Onion,2800,3000,2900,
,18/01/2018,5,Onion,2800,3100,2890,
,19/01/2018,3,Onion,2800,3100,2870,
,20/01/2018,4,Onion,2800,3150,2900,
,21/01/2018,4,Onion,2800,3200,2910,
,22/01/2018,6,Onion,2850,3100,2920,
,23/01/2018,8,Onion,2850,3200,2930,
,24/01/2018,6,Onion,2840,3200,2940,
,25/01/2018,4,Onion,2840,3200,2950,
,26/01/2018,3,Onion,2800,3100,2900,
,27/01/2018,2,Onion,2800,3100,2950,
,28/01/2018,3,Onion,2900,3100,3000,
,29/01/2018,4,Onion,2900,3100,3000,
,30/01/2018,4,Onion,2900,3100,3000,
,31/01/2018,6,Onion,2900,3100,3000,
Shikohabad,04/01/2018,3,Red,3000,3200,3150,
,05/01/2018,3,Red,3150,3300,3200,
,06/01/2018,4,Red,3050,3150,3100,
,07/01/2018,2,Red,3080,3120,3100,
,08/01/2018,5,Other,2980,3200,3050,
,09/01/2018,2,Red,3050,3125,3100,
,11/01/2018,2.5,Red,3250,3350,3300,
,12/01/2018,2,Red,3300,3350,3320,
,13/01/2018,1.5,Red,3150,3225,3200,
,15/01/2018,2,Red,3200,3300,3250,
,16/01/2018,2,Red,3250,3325,3300,
,18/01/2018,3,Red,2850,2925,2900,
,19/01/2018,1,Red,3150,3250,3200,
,20/01/2018,2,Red,2950,3100,3000,
,21/01/2018,5,Red,2900,3000,2950,
,22/01/2018,5.5,Red,2950,2980,2960,
,23/01/2018,2,Other,2850,2925,2900,
,25/01/2018,2,Red,2550,2625,2600,
,27/01/2018,1.5,Other,2650,2725,2700,
,28/01/2018,1,Red,2700,2900,2800,
,29/01/2018,3,Red,2650,2725,2700,
,30/01/2018,2.5,Red,2900,3050,3000,
Sikanderabad,02/01/2018,2.5,Other,2700,3100,2800,
,03/01/2018,2.5,Other,2700,2800,2767,
,04/01/2018,8.5,Other,2800,3250,3000,
,05/01/2018,2.1,Other,2600,2750,2650,
,06/01/2018,5,Other,2900,3100,3000,
,07/01/2018,1,Other,2800,3200,2871,
,08/01/2018,7,Other,3000,3500,3441,
,09/01/2018,6,Other,3200,3500,3300,
,10/01/2018,6.3,Other,3250,3350,3310,
,11/01/2018,80,Other,3000,3200,3100,
,12/01/2018,0.6,Other,3000,3500,3200,
,13/01/2018,0.8,Other,3100,3325,3240,
,14/01/2018,0.8,Other,3100,3300,3120,
,15/01/2018,0.8,Other,3100,3300,3250,
,16/01/2018,1,Other,2700,3000,2780,
,17/01/2018,2,Other,2750,2750,2750,
,18/01/2018,1,Other,2500,3000,2575,
,19/01/2018,4,Other,2700,2700,2700,
,20/01/2018,4.3,Other,2700,2900,2800,
,21/01/2018,4,Other,2700,2750,2710,
,22/01/2018,7,Other,2800,3000,2854,
,24/01/2018,4, ,NR,NR,NR,
,25/01/2018,9,Other,2800,3000,2812,
,26/01/2018,3.5,Other,2600,2800,2657,
,27/01/2018,9,Other,2600,2800,2700,
,28/01/2018,0.8,Other,2500,2500,2500,
,29/01/2018,1,Other,2500,2500,2500,
,31/01/2018,1,Other,2200,2500,2363,
Sikarpur,01/01/2018,0.7,Red,2260,2560,2400,
,02/01/2018,0.6,Red,2260,2480,2350,
,03/01/2018,0.7,Red,2280,2485,2390,
,04/01/2018,0.6,Red,2310,2380,2325,
,05/01/2018,0.4,Red,2300,2570,2450,
,06/01/2018,0.5,Red,2300,2580,2450,
,07/01/2018,0.4,Red,2300,2600,2450,
,08/01/2018,0.5,Red,2300,2600,2450,
,09/01/2018,0.4,Red,2300,2600,2400,
,10/01/2018,0.5,Red,2300,2500,2400,
,11/01/2018,0.6,Red,2300,2550,2400,
,12/01/2018,1.2,Red,2200,2500,2400,
,13/01/2018,0.8,Red,2200,2450,2300,
,14/01/2018,0.7,Red,2200,2550,2300,
,15/01/2018,1.2,Red,2200,2530,2350,
,16/01/2018,1.4,Red,2200,2500,2300,
,17/01/2018,0.6,Red,2200,2500,2400,
,18/01/2018,0.5,Red,2200,2400,2300,
,19/01/2018,0.6,Red,2200,2500,2300,
,20/01/2018,1.8,Red,2300,2500,2400,
,21/01/2018,0.8,Red,2000,2400,2200,
,22/01/2018,0.6,Red,2000,2400,2200,
,23/01/2018,0.5,Red,2000,2400,2200,
,24/01/2018,0.3,Red,2000,2200,2100,
,25/01/2018,0.8,Red,2350,2590,2460,
,26/01/2018,0.4,Red,2310,2500,2450,
,27/01/2018,0.8,Red,2200,2500,2400,
,28/01/2018,0.8,Red,2200,2500,2400,
,29/01/2018,0.8,Red,2200,2600,2300,
,30/01/2018,0.7,Red,2200,2600,2300,
,31/01/2018,0.7,Red,2200,2400,2300,
Sindholi,01/01/2018,5,1st Sort,1940,2410,2175,
,,,2nd Sort,1700,1900,1800,
,02/01/2018,7,1st Sort,1650,1980,1815,
,,,2nd Sort,1240,1620,1430,
,03/01/2018,3,1st Sort,1500,1880,1690,
,,,2nd Sort,1230,1470,1350,
,04/01/2018,4,1st Sort,1550,1980,1765,
,,,2nd Sort,1250,1500,1375,
,05/01/2018,4,1st Sort,1940,2410,2175,
,,,2nd Sort,1700,1900,1800,
,06/01/2018,4,1st Sort,1650,1980,1815,
,,,2nd Sort,1240,1620,1430,
,07/01/2018,3,1st Sort,2100,2200,2150,
,08/01/2018,5,Other,2180,2740,2460,
,09/01/2018,4,Other,2200,2840,2520,
,10/01/2018,5,Other,2150,2600,2375,
,11/01/2018,3,Other,2180,2740,2460,
,12/01/2018,3,Other,2250,2750,2500,
,13/01/2018,6,Other,2180,2740,2460,
,14/01/2018,6,Other,2200,2840,2520,
,15/01/2018,5,Other,2400,2600,2500,
,16/01/2018,5,Other,2250,2750,2500,
,17/01/2018,3,Other,2150,2600,2375,
,18/01/2018,6,Other,2180,2740,2460,
,19/01/2018,6,Other,2200,2840,2520,
,20/01/2018,5,Other,2270,2710,2490,
,21/01/2018,6,Other,2150,2600,2375,
,22/01/2018,8,Other,2240,2720,2480,
,23/01/2018,5,Other,2240,2720,2480,
,24/01/2018,5,Other,2150,2600,2375,
,25/01/2018,5,Other,2180,2740,2460,
,26/01/2018,7,Other,2100,2740,2420,
,27/01/2018,7,Other,2270,2710,2490,
,28/01/2018,3,Other,2150,2600,2375,
,29/01/2018,5,Other,2250,2750,2500,
,30/01/2018,7,Other,2270,2710,2490,
,31/01/2018,7,Other,2250,2750,2500,
Sirsaganj,01/01/2018,2.2,Red,2680,2880,2780,
,02/01/2018,1.6,Red,2700,2900,2800,
,03/01/2018,2.4,Red,2690,2890,2790,
,04/01/2018,1.8,Red,2700,2900,2800,
,06/01/2018,2,Red,2710,2910,2810,
,07/01/2018,1.6,Red,2730,2930,2830,
,08/01/2018,2.1,Red,2720,2920,2820,
,09/01/2018,1.8,Red,2750,2950,2850,
,10/01/2018,1.5,Red,2780,2980,2880,
,11/01/2018,1.8, ,NR,NR,NR,
,13/01/2018,1.6,Red,2820,3020,2920,
,14/01/2018,1.8,Red,2850,3050,2950,
,16/01/2018,2,Red,2800,3000,2900,
,17/01/2018,1.5,Red,2780,2980,2880,
,18/01/2018,1.8,Red,2750,2950,2850,
,20/01/2018,2,Red,2720,2920,2820,
,21/01/2018,2.2,Red,2700,2900,2800,
,22/01/2018,1.8,Red,2720,2920,2820,
,23/01/2018,2.5,Red,2700,2900,2800,
,24/01/2018,1.8,Red,2750,2950,2850,
,25/01/2018,2,Red,2770,2970,2870,
,27/01/2018,1.6,Red,2800,3000,2900,
,28/01/2018,1.3,Red,2820,3020,2920,
,29/01/2018,1.5,Red,2810,3010,2910,
,30/01/2018,2,Red,2800,3000,2900,
,31/01/2018,3,Red,2750,2950,2850,
Sitapur,01/01/2018,105,Red,1800,2500,2180,
,02/01/2018,108,Red,1800,2400,2170,
,03/01/2018,110,Red,1800,2400,2160,
,04/01/2018,119,Red,1800,2400,2150,
,05/01/2018,114,Red,1800,2400,2140,
,06/01/2018,122,Red,1800,2300,2100,
,09/01/2018,120,Red,1900,2300,2110,
,10/01/2018,124,Red,1800,2500,2150,
,11/01/2018,119,Red,1800,2500,2200,
,15/01/2018,110,Red,2000,2500,2280,
,16/01/2018,108,Red,2000,2500,2300,
,17/01/2018,105,Red,2000,2500,2310,
,18/01/2018,100,Red,2000,2550,2320,
,19/01/2018,103,Red,2000,2500,2310,
,20/01/2018,102,Red,2000,2550,2320,
,22/01/2018,101,Red,2000,2550,2325,
,23/01/2018,102,Red,2000,2550,2320,
,24/01/2018,105,Red,NR,NR,2310,
,27/01/2018,105,Red,2000,2550,2290,
,29/01/2018,110,Red,2000,2550,2290,
,30/01/2018,105,Red,2000,2600,2320,
,31/01/2018,100,Red,2000,2600,2350,
Siyana,01/01/2018,0.2,Red,1400,1530,1460,
,03/01/2018,0.4,Red,1430,1540,1470,
,05/01/2018,0.3,Red,1400,1500,1450,
,06/01/2018,0.3,Red,1460,1530,1490,
,07/01/2018,0.3,Red,1450,1540,1480,
,08/01/2018,0.4,Red,1400,1500,1450,
,09/01/2018,0.4,Red,1410,1510,1460,
,12/01/2018,1,Red,1400,1500,1440,
,13/01/2018,0.3,Red,1400,1500,1450,
,15/01/2018,0.7,Red,1400,1500,1450,
,19/01/2018,1.6,Red,1300,1400,1350,
,20/01/2018,0.5,Red,1300,1400,1350,
,23/01/2018,0.2,Red,1300,1400,1350,
,24/01/2018,0.2,Red,1300,1420,1360,
,25/01/2018,1,Red,1300,1400,1340,
,26/01/2018,1,Red,1300,1400,1360,
,28/01/2018,0.5,Red,1200,1300,1250,
,29/01/2018,0.8,Red,1200,1300,1250,
,31/01/2018,1.4,Red,1300,1400,1350,
Soharatgarh,01/01/2018,1.34,Red,1870,2005,1960,
,02/01/2018,1.23,Red,1870,2005,1960,
,03/01/2018,1.33,Red,1870,2005,1960,
,04/01/2018,1.22,Red,1885,2025,1975,
,05/01/2018,1.33,Red,1890,2025,1985,
,06/01/2018,1.33,Red,1880,2025,1985,
,09/01/2018,1.1,Red,1880,2025,1985,
,10/01/2018,1.12,Red,1880,2050,1985,
,11/01/2018,1.22,Red,1880,2025,1985,
,12/01/2018,1,Red,1880,2025,1985,
,13/01/2018,1.22,Red,1880,2050,1975,
,14/01/2018,1,Red,1880,2050,1980,
,15/01/2018,1,Red,1880,2050,1980,
,16/01/2018,1,Red,2960,3055,3005,
,17/01/2018,1.33,Red,2960,3055,3005,
,18/01/2018,1,Red,2960,3055,3005,
,19/01/2018,1,Red,2960,3055,3005,
,20/01/2018,1.33,Red,2965,3060,3010,
,21/01/2018,1,Red,2960,3060,3010,
,22/01/2018,1.33,Red,2960,3060,3010,
,23/01/2018,1.22,Red,2955,3055,3010,
,24/01/2018,1.33,Red,2960,3050,3010,
,26/01/2018,1,Red,2980,3050,3015,
,27/01/2018,1,Red,2990,3060,3020,
,28/01/2018,1,Red,2980,3060,3010,
,29/01/2018,1.34,Red,2980,3055,3020,
,30/01/2018,1.12,Red,2985,3065,3015,
,31/01/2018,1,Red,2985,3055,3015,
Sultanpur,01/01/2018,50,Onion,2950,3050,3000,
,02/01/2018,54,Onion,3100,3180,3150,
,03/01/2018,53.5,Onion,3150,3200,3180,
,04/01/2018,52,Onion,3050,3100,3080,
,05/01/2018,53.5,Onion,3200,3800,3350,
,06/01/2018,47.8,Onion,3450,3700,3565,
,07/01/2018,45,Onion,3500,3800,3700,
,08/01/2018,47.5,Onion,3500,3700,3650,
,09/01/2018,46.5,Onion,3650,3800,3725,
,10/01/2018,52,Onion,3700,3780,3750,
,11/01/2018,48,Onion,3680,3760,3700,
,12/01/2018,51,Onion,3620,3700,3660,
,14/01/2018,52.5,Onion,3500,3700,3600,
,15/01/2018,53.5,Onion,3500,3600,3575,
,16/01/2018,55,Onion,3400,3600,3500,
,18/01/2018,52,Onion,3450,3500,3470,
,19/01/2018,53.5,Onion,3400,3480,3450,
,20/01/2018,51,Onion,3380,3460,3400,
,21/01/2018,53,Onion,3400,3470,3440,
,23/01/2018,48,Onion,3300,3400,3350,
,24/01/2018,47,Onion,3340,3400,3380,
,25/01/2018,49,Onion,3220,3280,3250,
,26/01/2018,52,Onion,3180,3260,3200,
,27/01/2018,55,Onion,3150,3300,3225,
,28/01/2018,57.5,Onion,3200,3300,3250,
,29/01/2018,52.5,Onion,3250,3300,3275,
,30/01/2018,57.5,Onion,3000,3200,3150,
,31/01/2018,56.5,Onion,2970,3070,3000,
Tamkuhi Road,01/01/2018,32,Red,2900,3150,3000,
,02/01/2018,28,Red,2900,3100,3000,
,03/01/2018,36,Red,2900,3200,3000,
,04/01/2018,34,Red,2900,3200,3000,
,05/01/2018,34,Red,2900,3200,3000,
,06/01/2018,30,Red,2900,3200,3000,
,08/01/2018,27,Red,2900,3200,3000,
,09/01/2018,26,Red,2900,3300,3000,
,10/01/2018,32,Red,3000,3300,3100,
,11/01/2018,16,Red,3200,3500,3300,
,12/01/2018,38,Red,3200,3400,3300,
,13/01/2018,20,Red,3200,3400,3300,
,15/01/2018,34,Red,3100,3400,3200,
,16/01/2018,20,Red,3100,3400,3200,
,17/01/2018,16,Red,2800,3100,3000,
,18/01/2018,32,Red,2900,3300,3000,
,19/01/2018,33,Red,3000,3300,3100,
,20/01/2018,32,Red,3000,3300,3100,
,22/01/2018,24,Red,3000,3300,3100,
,23/01/2018,28,Red,3000,3400,3200,
,24/01/2018,36,Red,3100,3400,3200,
,25/01/2018,34,Red,3100,3400,3200,
,27/01/2018,30,Red,3100,3300,3250,
,29/01/2018,25,Red,3000,3200,3100,
,30/01/2018,21,Red,2900,3150,3000,
,31/01/2018,34,Red,2900,3200,3000,
Thanabhawan,19/01/2018,0.1,Red,3000,3200,3100,
,27/01/2018,0.5,Red,2500,3000,2800,
,28/01/2018,0.2,Red,2500,3000,2700,
Tikonia,27/01/2018,6.2,Red,1950,2180,2000,
,29/01/2018,8,Red,1470,1540,1500,
Tilhar,01/01/2018,5,Onion,2980,3020,3000,
,02/01/2018,4,Onion,2980,3020,3000,
,03/01/2018,5,Onion,3150,3250,3200,
,04/01/2018,5,Onion,3150,3250,3200,
,05/01/2018,2,Onion,2990,3010,3000,
,06/01/2018,2,Onion,2950,3050,3000,
,07/01/2018,2,Onion,2990,3010,3000,
,08/01/2018,2,Onion,3000,3040,3020,
,09/01/2018,2,Onion,2950,3050,3000,
,10/01/2018,50,Onion,490,510,500,
,11/01/2018,2,Onion,2980,3020,3000,
,12/01/2018,5,Onion,3450,3550,3500,
,13/01/2018,2,Onion,3450,3550,3500,
,14/01/2018,3,Onion,2450,2550,2500,
,15/01/2018,10,Onion,3480,3520,3500,
,16/01/2018,5,Onion,2990,3010,3000,
,17/01/2018,10,Onion,3450,3550,3500,
,18/01/2018,8,Onion,3485,3515,3500,
,19/01/2018,4,Onion,3450,3550,3500,
,20/01/2018,5,Onion,3450,3550,3500,
,21/01/2018,2,Onion,3450,3550,3500,
,22/01/2018,4,Onion,3480,3520,3500,
,23/01/2018,5,Onion,3450,3550,3500,
,24/01/2018,8,Onion,3450,3550,3500,
,25/01/2018,5,Onion,3480,3520,3500,
,26/01/2018,4,Onion,3450,3550,3500,
,27/01/2018,5,Onion,3450,3550,3500,
,28/01/2018,2,Onion,3540,3560,3550,
,29/01/2018,2,Onion,3480,3520,3500,
,30/01/2018,5,Onion,3185,3215,3200,
,31/01/2018,4,Onion,3180,3220,3200,
Tundla,01/01/2018,1,Red,3100,3200,3180,
,02/01/2018,0.8,Red,3150,3210,3170,
,03/01/2018,1.2,Red,3120,3200,3175,
,04/01/2018,0.8,Red,3150,3210,3180,
,06/01/2018,1,Red,3050,3120,3100,
,08/01/2018,1,Red,3050,3140,3120,
,09/01/2018,0.7,Red,3100,3200,3150,
,10/01/2018,1,Red,3050,3140,3130,
,12/01/2018,1,Red,3000,3100,3070,
,15/01/2018,1.1,Red,3050,3110,3080,
,16/01/2018,1,Red,3050,3110,3065,
,17/01/2018,1,Red,3000,3100,3070,
,18/01/2018,1.2,Red,3100,3210,3150,
,19/01/2018,1,Red,3050,3140,3130,
,20/01/2018,0.8,Red,3050,3110,3080,
,22/01/2018,1,Red,3100,3210,3150,
,23/01/2018,2,Red,3050,3150,3130,
,24/01/2018,1.5,Red,3050,3160,3150,
,25/01/2018,1.8,Red,3010,3100,3080,
,27/01/2018,1.6,Red,3050,3120,3100,
,29/01/2018,1.2,Red,3050,3100,3070,
,30/01/2018,1,Red,2850,3150,3050,
,31/01/2018,1.8,Red,3010,3100,3080,
Ujhani,01/01/2018,1.5,Other,2960,3150,3000,
,02/01/2018,0.8,Other,2940,3100,3000,
,04/01/2018,1.5,Other,2940,3100,3000,
,05/01/2018,2.8,Other,2950,3150,3050,
,06/01/2018,1.2,Other,2950,3200,3050,
,07/01/2018,5.5,Other,3000,3150,3050,
,11/01/2018,2,Red,2850,2950,2900,
,12/01/2018,0.6,Red,2850,2950,2900,
,13/01/2018,1,Red,2900,3000,2950,
,14/01/2018,0.7,Red,2900,3000,2950,
,15/01/2018,0.8,Red,2700,2850,2800,
,16/01/2018,0.6,Red,2700,2850,2750,
,18/01/2018,0.2,Red,2800,2950,2850,
,19/01/2018,0.5,Red,2800,2950,2850,
,20/01/2018,1.5,Red,2800,2950,2850,
,21/01/2018,1.2,Red,2800,2950,2850,
,22/01/2018,1,Red,2820,2960,2870,
,23/01/2018,1,Red,2850,2960,2900,
,25/01/2018,0.8,Red,2800,2900,2850,
,27/01/2018,0.7,Red,2760,2850,2800,
,28/01/2018,0.8,Red,2750,2850,2800,
,29/01/2018,0.8,Red,2750,2850,2800,
,30/01/2018,1,Red,2750,2850,2800,
Unnao,01/01/2018,6.5,Red,2900,3100,3000,
,02/01/2018,8.5,Red,2900,3100,3000,
,03/01/2018,6.5,Red,2850,3000,2900,
,04/01/2018,12.9,Red,2800,3000,2900,
,06/01/2018,15.8,Red,2800,2950,2900,
,09/01/2018,18.3,Red,2900,3050,2950,
,11/01/2018,9.6,Red,2900,3100,3000,
,12/01/2018,5.8,Red,3000,3200,3100,
,13/01/2018,10.7,Red,3050,3200,3100,
,14/01/2018,7.8,Red,3000,3200,3100,
,15/01/2018,11.8,Red,2950,3150,3050,
,16/01/2018,8.5,Red,2900,3100,3000,
,17/01/2018,25.6,Red,2750,2900,2850,
,18/01/2018,6.8,Red,2800,2950,2850,
,19/01/2018,17.3,Red,2700,2850,2750,
,20/01/2018,16.8,Red,2650,2800,2750,
,21/01/2018,4.5,Red,2600,2750,2650,
,22/01/2018,10.9,Red,2550,2700,2600,
,23/01/2018,20.1,Red,2500,2650,2550,
,24/01/2018,18.9,Red,2400,2550,2500,
,25/01/2018,17.9,Red,2400,2550,2500,
,27/01/2018,11.2,Red,2400,2550,2450,
,28/01/2018,8.9,Red,2400,2550,2450,
,29/01/2018,10.3,Red,2350,2500,2400,
,30/01/2018,28.3,Red,2300,2500,2400,
,31/01/2018,16.7,Red,2300,2450,2400,
Varanasi(F&V),01/01/2018,200,Red,3070,3160,3100,
,03/01/2018,218.8,Red,3060,3135,3100,
,04/01/2018,220,Red,3040,3125,3080,
,05/01/2018,200,Red,3040,3130,3100,
,06/01/2018,190,Red,3200,3300,3250,
,07/01/2018,220,Red,3150,3240,3200,
,08/01/2018,235,Red,3200,3300,3250,
,10/01/2018,238,Red,3150,3240,3200,
,11/01/2018,220,Red,3160,3230,3200,
,12/01/2018,227,Red,3250,3335,3270,
,13/01/2018,230,Red,3200,3300,3250,
,15/01/2018,200,Red,3100,3200,3150,
,17/01/2018,190,Red,3040,3130,3100,
,18/01/2018,200,Red,3000,3100,3050,
,19/01/2018,210,Red,2950,3050,3025,
,20/01/2018,218,Red,3050,3140,3080,
,21/01/2018,180,Red,3050,3160,3100,
,22/01/2018,185,Red,3060,3140,3100,
,24/01/2018,190,Red,2950,3070,3030,
,25/01/2018,200,Red,2950,3040,3000,
,27/01/2018,180,Red,2940,3050,2980,
,28/01/2018,200,Red,2850,2950,2900,
,29/01/2018,195,Red,2850,2950,2920,
,31/01/2018,190,Red,2820,2900,2850,
Varipaal,13/01/2018,0.2,Red,2800,4000,3000,
,30/01/2018,0.7,Red,1950,2100,2000,
Vilthararoad,01/01/2018,5,Other,3480,3500,3490,
,04/01/2018,10,Other,2580,2600,2590,
,05/01/2018,10,Other,2480,2500,2490,
,06/01/2018,8,Other,2480,2500,2490,
,08/01/2018,10,Other,2550,2600,2580,
,09/01/2018,7,Other,2770,2800,2780,
,11/01/2018,7,Other,2670,2700,2680,
,17/01/2018,10,Other,2800,3000,2950,
,18/01/2018,10,Other,2750,2800,2780,
,19/01/2018,8,Other,2890,3000,2900,
,20/01/2018,70,Red,3100,3200,3150,
,23/01/2018,5,Other,2930,3000,2950,
,25/01/2018,10,Red,2900,3025,3000,
,27/01/2018,8,Other,2570,2600,2590,
,30/01/2018,10,Other,2750,2800,2780,
Vishalpur,01/01/2018,2.5,Red,1745,1840,1790,
,02/01/2018,2,Red,1745,1840,1790,
,03/01/2018,4,Red,1760,1855,1805,
,04/01/2018,4.2,Red,1760,1860,1810,
,06/01/2018,3,Red,1775,1865,1820,
,07/01/2018,4.5,Red,1880,1965,1920,
,08/01/2018,4.8,Red,1890,1975,1930,
,09/01/2018,4,Red,1885,1970,1925,
,10/01/2018,3.6,Red,1880,1965,1920,
,11/01/2018,3,Red,1940,2025,1980,
,13/01/2018,3.5,Red,1970,2055,2010,
,14/01/2018,2.5,Red,1975,2060,2015,
,15/01/2018,3,Red,1980,2065,2020,
,16/01/2018,3.2,Red,1990,2075,2030,
,17/01/2018,2.8,Red,2010,2095,2050,
,18/01/2018,2.4,Red,2020,2105,2060,
,20/01/2018,2,Red,2040,2125,2080,
,21/01/2018,1.5,Red,2020,2105,2060,
,22/01/2018,2,Red,2030,2125,2080,
,23/01/2018,3,Red,2040,2135,2090,
,25/01/2018,2,Red,2045,2140,2095,
,27/01/2018,4.2,Red,2060,2155,2110,
,28/01/2018,2.5,Red,2160,2255,2210,
,29/01/2018,1.8,Red,2170,2265,2220,
,30/01/2018,2.2,Red,2190,2285,2240,
,31/01/2018,3,Red,2200,2305,2250,
Viswan,01/01/2018,4,1st Sort,1900,2350,2125,
,,,2nd Sort,1650,1880,1765,
,02/01/2018,5,1st Sort,1600,2000,1800,
,,,2nd Sort,1200,1600,1400,
,03/01/2018,5,1st Sort,1500,1880,1690,
,,,2nd Sort,1230,1470,1350,
,04/01/2018,2,1st Sort,1650,1980,1815,
,,,2nd Sort,1240,1620,1430,
,05/01/2018,5,1st Sort,1900,2350,2125,
,,,2nd Sort,1650,1880,1765,
,06/01/2018,4,1st Sort,1600,2000,1800,
,,,2nd Sort,1200,1600,1400,
,07/01/2018,5,1st Sort,2000,2400,2200,
,,,2nd Sort,1800,2000,1900,
,08/01/2018,5,1st Sort,2200,2840,2520,
,,,Other,2200,2840,2520,
,09/01/2018,6,Other,2180,2740,2460,
,10/01/2018,3,Other,2150,2600,2375,
,11/01/2018,7,Other,2200,2840,2520,
,12/01/2018,5,Other,1690,1740,1715,
,13/01/2018,7,Other,2150,2600,2375,
,14/01/2018,8,Other,2250,2750,2500,
,15/01/2018,2,Other,2400,2500,2450,
,16/01/2018,5,Other,2270,2710,2490,
,17/01/2018,5,Other,2150,2600,2375,
,18/01/2018,60,Other,2200,2840,2520,
,19/01/2018,4,Other,2150,2600,2375,
,20/01/2018,7,Other,2250,2750,2500,
,21/01/2018,6,Other,2240,2720,2480,
,22/01/2018,5,Other,2150,2600,2375,
,23/01/2018,5,Other,2150,2600,2375,
,24/01/2018,6,Other,2240,2720,2480,
,25/01/2018,7,Other,2200,2840,2520,
,26/01/2018,6,Other,2100,2740,2420,
,27/01/2018,6,Other,2250,2750,2500,
,28/01/2018,6,Other,2240,2720,2480,
,29/01/2018,6,Other,2270,2710,2490,
,30/01/2018,7,Other,2250,2750,2500,
,31/01/2018,8,Other,2270,2710,2490,
