DATE,PRICE
2016-01-01,320.0
2016-01-02,320.0
2016-01-03,320.0
2016-01-04,320.0
2016-01-05,320.0
2016-01-06,323.3333333333333
2016-01-07,323.3333333333333
2016-01-08,312.5
2016-01-09,306.0
2016-01-10,306.0
2016-01-11,312.0
2016-01-12,292.0
2016-01-13,276.0
2016-01-14,280.0
2016-01-15,295.0
2016-01-16,298.0
2016-01-17,298.0
2016-01-18,300.0
2016-01-19,312.5
2016-01-20,318.75
2016-01-21,318.75
2016-01-22,313.75
2016-01-23,313.75
2016-01-24,313.75
2016-01-25,313.75
2016-01-26,283.75
2016-01-27,280.0
2016-01-28,297.5
2016-01-29,285.0
2016-01-30,285.0
2016-01-31,285.0
2016-02-01,284.0
2016-02-02,298.0
2016-02-03,298.0
2016-02-04,276.0
2016-02-05,270.0
2016-02-06,286.0
2016-02-07,286.0
2016-02-08,300.0
2016-02-09,314.0
2016-02-10,334.0
2016-02-11,352.5
2016-02-12,374.0
2016-02-13,396.0
2016-02-14,396.0
2016-02-15,418.0
2016-02-16,448.0
2016-02-17,476.0
2016-02-18,463.3333333333333
2016-02-19,470.0
2016-02-20,472.0
2016-02-21,472.0
2016-02-22,480.0
2016-02-23,476.0
2016-02-24,476.0
2016-02-25,504.0
2016-02-26,516.0
2016-02-27,510.0
2016-02-28,510.0
2016-02-29,513.3333333333334
2016-03-01,520.0
2016-03-02,525.0
2016-03-03,485.0
2016-03-04,432.5
2016-03-05,416.6666666666667
2016-03-06,416.6666666666667
2016-03-07,403.3333333333333
2016-03-08,422.5
2016-03-09,438.0
2016-03-10,450.0
2016-03-11,480.0
2016-03-12,480.0
2016-03-13,480.0
2016-03-14,483.3333333333333
2016-03-15,478.3333333333333
2016-03-16,465.8333333333333
2016-03-17,459.1666666666667
2016-03-18,442.5
2016-03-19,420.8333333333333
2016-03-20,420.8333333333333
2016-03-21,395.8333333333333
2016-03-22,385.0
2016-03-23,370.0
2016-03-24,360.0
2016-03-25,348.0
2016-03-26,346.0
2016-03-27,346.0
2016-03-28,356.0
2016-03-29,370.0
2016-03-30,378.3333333333333
2016-03-31,386.6666666666667
2016-04-01,367.5
2016-04-02,374.1666666666667
2016-04-03,374.1666666666667
2016-04-04,382.5
2016-04-05,375.8333333333333
2016-04-06,413.3333333333333
2016-04-07,413.3333333333333
2016-04-08,450.8333333333333
2016-04-09,465.0
2016-04-10,465.0
2016-04-11,455.0
2016-04-12,455.0
2016-04-13,420.0
2016-04-14,440.0
2016-04-15,440.0
2016-04-16,425.0
2016-04-17,425.0
2016-04-18,425.0
2016-04-19,433.3333333333333
2016-04-20,441.6666666666667
2016-04-21,425.0
2016-04-22,425.0
2016-04-23,435.0
2016-04-24,435.0
2016-04-25,442.0
2016-04-26,432.0
2016-04-27,432.0
2016-04-28,482.0
2016-04-29,512.0
2016-04-30,537.5
2016-05-01,537.5
2016-05-02,537.5
2016-05-03,543.75
2016-05-04,556.25
2016-05-05,518.75
2016-05-06,506.25
2016-05-07,505.0
2016-05-08,505.0
2016-05-09,554.1666666666666
2016-05-10,616.6666666666666
2016-05-11,633.3333333333334
2016-05-12,646.6666666666666
2016-05-13,671.6666666666666
2016-05-14,706.0
2016-05-15,706.0
2016-05-16,670.0
2016-05-17,640.0
2016-05-18,640.0
2016-05-19,644.0
2016-05-20,614.0
2016-05-21,615.0
2016-05-22,615.0
2016-05-23,615.8333333333334
2016-05-24,599.1666666666666
2016-05-25,585.8333333333334
2016-05-26,585.8333333333334
2016-05-27,594.1666666666666
2016-05-28,589.0
2016-05-29,589.0
2016-05-30,584.0
2016-05-31,594.0
2016-06-01,620.0
2016-06-02,630.0
2016-06-03,640.0
2016-06-04,641.6666666666666
2016-06-05,641.6666666666666
2016-06-06,650.0
2016-06-07,660.0
2016-06-08,650.0
2016-06-09,645.0
2016-06-10,615.0
2016-06-11,605.0
2016-06-12,605.0
2016-06-13,612.5
2016-06-14,604.1666666666666
2016-06-15,604.1666666666666
2016-06-16,600.0
2016-06-17,650.0
2016-06-18,691.6666666666666
2016-06-19,691.6666666666666
2016-06-20,703.3333333333334
2016-06-21,720.0
2016-06-22,734.0
2016-06-23,764.0
2016-06-24,754.0
2016-06-25,730.0
2016-06-26,730.0
2016-06-27,733.3333333333334
2016-06-28,708.3333333333334
2016-06-29,708.3333333333334
2016-06-30,687.5
2016-07-01,637.5
2016-07-02,637.5
2016-07-03,637.5
2016-07-04,637.5
2016-07-05,656.25
2016-07-06,675.0
2016-07-07,616.6666666666666
2016-07-08,616.6666666666666
2016-07-09,643.75
2016-07-10,643.75
2016-07-11,640.0
2016-07-12,641.6666666666666
2016-07-13,638.3333333333334
2016-07-14,675.8333333333334
2016-07-15,675.0
2016-07-16,662.5
2016-07-17,662.5
2016-07-18,679.1666666666666
2016-07-19,685.0
2016-07-20,686.25
2016-07-21,680.0
2016-07-22,691.6666666666666
2016-07-23,808.3333333333334
2016-07-24,808.3333333333334
2016-07-25,808.3333333333334
2016-07-26,781.25
2016-07-27,781.25
2016-07-28,787.5
2016-07-29,787.5
2016-07-30,716.6666666666666
2016-07-31,716.6666666666666
2016-08-01,712.5
2016-08-02,712.5
2016-08-03,712.5
2016-08-04,675.0
2016-08-05,666.6666666666666
2016-08-06,650.0
2016-08-07,650.0
2016-08-08,660.0
2016-08-09,675.0
2016-08-10,683.3333333333334
2016-08-11,683.3333333333334
2016-08-12,687.5
2016-08-13,712.5
2016-08-14,712.5
2016-08-15,715.0
2016-08-16,706.25
2016-08-17,693.75
2016-08-18,693.75
2016-08-19,687.5
2016-08-20,687.5
2016-08-21,687.5
2016-08-22,687.5
2016-08-23,640.0
2016-08-24,600.0
2016-08-25,600.0
2016-08-26,600.0
2016-08-27,586.0
2016-08-28,586.0
2016-08-29,601.6666666666666
2016-08-30,611.6666666666666
2016-08-31,645.0
2016-09-01,640.0
2016-09-02,638.0
2016-09-03,627.5
2016-09-04,627.5
2016-09-05,620.0
2016-09-06,647.5
2016-09-07,637.5
2016-09-08,662.5
2016-09-09,650.0
2016-09-10,658.3333333333334
2016-09-11,658.3333333333334
2016-09-12,666.6666666666666
2016-09-13,676.0
2016-09-14,680.0
2016-09-15,650.0
2016-09-16,662.5
2016-09-17,612.5
2016-09-18,612.5
2016-09-19,587.5
2016-09-20,620.0
2016-09-21,620.0
2016-09-22,670.0
2016-09-23,650.0
2016-09-24,650.0
2016-09-25,650.0
2016-09-26,630.0
2016-09-27,570.0
2016-09-28,566.6666666666666
2016-09-29,510.0
2016-09-30,510.0
2016-10-01,520.0
2016-10-02,520.0
2016-10-03,501.0
2016-10-04,513.75
2016-10-05,513.75
2016-10-06,501.0
2016-10-07,491.0
2016-10-08,491.0
2016-10-09,491.0
2016-10-10,510.0
2016-10-11,525.0
2016-10-12,526.6666666666666
2016-10-13,526.6666666666666
2016-10-14,526.6666666666666
2016-10-15,526.6666666666666
2016-10-16,526.6666666666666
2016-10-17,510.0
2016-10-18,501.6666666666667
2016-10-19,495.0
2016-10-20,503.3333333333333
2016-10-21,495.0
2016-10-22,495.0
2016-10-23,495.0
2016-10-24,503.3333333333333
2016-10-25,486.6666666666667
2016-10-26,475.0
2016-10-27,461.6666666666667
2016-10-28,455.0
2016-10-29,446.6666666666667
2016-10-30,446.6666666666667
2016-10-31,438.3333333333333
2016-11-01,430.0
2016-11-02,426.0
2016-11-03,432.0
2016-11-04,422.0
2016-11-05,402.0
2016-11-06,402.0
2016-11-07,392.0
2016-11-08,402.0
2016-11-09,410.0
2016-11-10,401.6666666666667
2016-11-11,400.0
2016-11-12,408.3333333333333
2016-11-13,408.3333333333333
2016-11-14,483.3333333333333
2016-11-15,491.6666666666667
2016-11-16,475.0
2016-11-17,466.6666666666667
2016-11-18,466.6666666666667
2016-11-19,470.0
2016-11-20,470.0
2016-11-21,360.0
2016-11-22,320.0
2016-11-23,305.0
2016-11-24,285.0
2016-11-25,275.0
2016-11-26,270.8333333333333
2016-11-27,270.8333333333333
2016-11-28,270.8333333333333
2016-11-29,266.6666666666667
2016-11-30,262.5
2016-12-01,262.5
2016-12-02,270.8333333333333
2016-12-03,270.8333333333333
2016-12-04,270.8333333333333
2016-12-05,279.1666666666667
2016-12-06,275.0
2016-12-07,283.3333333333333
2016-12-08,290.0
2016-12-09,285.0
2016-12-10,275.0
2016-12-11,275.0
2016-12-12,263.0
2016-12-13,253.0
2016-12-14,253.0
2016-12-15,260.8333333333333
2016-12-16,260.8333333333333
2016-12-17,260.8333333333333
2016-12-18,260.8333333333333
2016-12-19,267.5
2016-12-20,262.5
2016-12-21,245.83333333333334
2016-12-22,219.16666666666666
2016-12-23,196.66666666666666
2016-12-24,195.0
2016-12-25,195.0
2016-12-26,181.66666666666666
2016-12-27,188.33333333333334
2016-12-28,198.33333333333334
2016-12-29,215.0
2016-12-30,220.0
2016-12-31,213.33333333333334
2017-01-01,213.33333333333334
2017-01-02,223.33333333333334
2017-01-03,228.33333333333334
2017-01-04,223.33333333333334
2017-01-05,216.66666666666666
2017-01-06,200.0
2017-01-07,200.0
2017-01-08,200.0
2017-01-09,191.66666666666666
2017-01-10,186.66666666666666
2017-01-11,183.33333333333334
2017-01-12,186.66666666666666
2017-01-13,201.66666666666666
2017-01-14,211.66666666666666
2017-01-15,211.66666666666666
2017-01-16,215.0
2017-01-17,221.66666666666666
2017-01-18,231.66666666666666
2017-01-19,233.33333333333334
2017-01-20,236.66666666666666
2017-01-21,238.33333333333334
2017-01-22,238.33333333333334
2017-01-23,236.66666666666666
2017-01-24,228.33333333333334
2017-01-25,216.66666666666666
2017-01-26,213.33333333333334
2017-01-27,215.0
2017-01-28,218.33333333333334
2017-01-29,218.33333333333334
2017-01-30,221.66666666666666
2017-01-31,226.66666666666666
2017-02-01,228.33333333333334
2017-02-02,231.66666666666666
2017-02-03,235.0
2017-02-04,230.0
2017-02-05,230.0
2017-02-06,233.33333333333334
2017-02-07,231.66666666666666
2017-02-08,245.0
2017-02-09,248.0
2017-02-10,238.0
2017-02-11,228.0
2017-02-12,228.0
2017-02-13,212.0
2017-02-14,208.0
2017-02-15,186.0
2017-02-16,185.0
2017-02-17,180.0
2017-02-18,188.0
2017-02-19,188.0
2017-02-20,194.0
2017-02-21,198.0
2017-02-22,206.0
2017-02-23,212.0
2017-02-24,213.33333333333334
2017-02-25,216.0
2017-02-26,216.0
2017-02-27,214.0
2017-02-28,210.0
2017-03-01,202.0
2017-03-02,200.0
2017-03-03,182.0
2017-03-04,181.66666666666666
2017-03-05,181.66666666666666
2017-03-06,180.0
2017-03-07,178.33333333333334
2017-03-08,175.0
2017-03-09,171.66666666666666
2017-03-10,183.33333333333334
2017-03-11,185.0
2017-03-12,185.0
2017-03-13,183.33333333333334
2017-03-14,185.0
2017-03-15,190.0
2017-03-16,192.0
2017-03-17,194.0
2017-03-18,198.0
2017-03-19,198.0
2017-03-20,202.0
2017-03-21,202.0
2017-03-22,206.0
2017-03-23,255.0
2017-03-24,236.66666666666666
2017-03-25,233.33333333333334
2017-03-26,233.33333333333334
2017-03-27,228.33333333333334
2017-03-28,223.33333333333334
2017-03-29,208.33333333333334
2017-03-30,146.66666666666666
2017-03-31,150.0
2017-04-01,142.0
2017-04-02,142.0
2017-04-03,140.0
2017-04-04,130.0
2017-04-05,134.0
2017-04-06,135.0
2017-04-07,140.0
2017-04-08,135.0
2017-04-09,135.0
2017-04-10,142.5
2017-04-11,132.5
2017-04-12,125.0
2017-04-13,120.0
2017-04-14,118.33333333333333
2017-04-15,116.66666666666667
2017-04-16,116.66666666666667
2017-04-17,201.66666666666666
2017-04-18,225.0
2017-04-19,225.0
2017-04-20,226.66666666666666
2017-04-21,230.0
2017-04-22,241.66666666666666
2017-04-23,241.66666666666666
2017-04-24,145.0
2017-04-25,138.33333333333334
2017-04-26,156.66666666666666
2017-04-27,156.66666666666666
2017-04-28,158.33333333333334
2017-04-29,154.0
2017-04-30,154.0
2017-05-01,162.5
2017-05-02,150.0
2017-05-03,135.0
2017-05-04,157.5
2017-05-05,162.5
2017-05-06,162.0
2017-05-07,162.0
2017-05-08,161.66666666666666
2017-05-09,170.0
2017-05-10,166.66666666666666
2017-05-11,150.0
2017-05-12,148.0
2017-05-13,140.0
2017-05-14,140.0
2017-05-15,132.0
2017-05-16,120.0
2017-05-17,116.0
2017-05-18,120.0
2017-05-19,130.0
2017-05-20,130.0
2017-05-21,130.0
2017-05-22,136.66666666666666
2017-05-23,143.33333333333334
2017-05-24,156.66666666666666
2017-05-25,163.33333333333334
2017-05-26,160.0
2017-05-27,166.66666666666666
2017-05-28,166.66666666666666
2017-05-29,173.33333333333334
2017-05-30,171.66666666666666
2017-05-31,166.0
2017-06-01,178.0
2017-06-02,174.0
2017-06-03,177.5
2017-06-04,177.5
2017-06-05,170.0
2017-06-06,186.66666666666666
2017-06-07,192.5
2017-06-08,172.5
2017-06-09,172.5
2017-06-10,168.0
2017-06-11,168.0
2017-06-12,166.66666666666666
2017-06-13,166.66666666666666
2017-06-14,165.0
2017-06-15,161.66666666666666
2017-06-16,165.0
2017-06-17,173.33333333333334
2017-06-18,173.33333333333334
2017-06-19,180.0
2017-06-20,180.0
2017-06-21,180.0
2017-06-22,210.0
2017-06-23,216.66666666666666
2017-06-24,216.66666666666666
2017-06-25,216.66666666666666
2017-06-26,233.33333333333334
2017-06-27,241.66666666666666
2017-06-28,241.66666666666666
2017-06-29,230.0
2017-06-30,234.0
2017-07-01,242.5
2017-07-02,242.5
2017-07-03,223.33333333333334
2017-07-04,223.33333333333334
2017-07-05,240.0
2017-07-06,255.0
2017-07-07,262.5
2017-07-08,250.0
2017-07-09,250.0
2017-07-10,250.0
2017-07-11,240.0
2017-07-12,265.4
2017-07-13,265.4
2017-07-14,255.4
2017-07-15,251.4
2017-07-16,251.4
2017-07-17,236.16666666666666
2017-07-18,252.83333333333334
2017-07-19,220.0
2017-07-20,210.0
2017-07-21,216.66666666666666
2017-07-22,236.66666666666666
2017-07-23,236.66666666666666
2017-07-24,246.66666666666666
2017-07-25,236.66666666666666
2017-07-26,256.6666666666667
2017-07-27,260.0
2017-07-28,268.0
2017-07-29,268.0
2017-07-30,268.0
2017-07-31,288.0
2017-08-01,280.0
2017-08-02,260.0
2017-08-03,266.6666666666667
2017-08-04,270.0
2017-08-05,264.0
2017-08-06,264.0
2017-08-07,240.0
2017-08-08,252.0
2017-08-09,244.0
2017-08-10,236.0
2017-08-11,208.0
2017-08-12,200.0
2017-08-13,200.0
2017-08-14,230.0
2017-08-15,236.66666666666666
2017-08-16,240.0
2017-08-17,230.0
2017-08-18,253.33333333333334
2017-08-19,270.0
2017-08-20,270.0
2017-08-21,240.0
2017-08-22,223.33333333333334
2017-08-23,240.0
2017-08-24,236.66666666666666
2017-08-25,233.33333333333334
2017-08-26,228.0
2017-08-27,228.0
2017-08-28,235.0
2017-08-29,240.0
2017-08-30,210.0
2017-08-31,205.0
2017-09-01,180.0
2017-09-02,205.0
2017-09-03,205.0
2017-09-04,220.0
2017-09-05,216.0
2017-09-06,220.0
2017-09-07,235.0
2017-09-08,235.0
2017-09-09,220.0
2017-09-10,220.0
2017-09-11,190.0
2017-09-12,220.0
2017-09-13,255.0
2017-09-14,255.0
2017-09-15,256.6666666666667
2017-09-16,256.6666666666667
2017-09-17,256.6666666666667
2017-09-18,257.5
2017-09-19,252.5
2017-09-20,245.0
2017-09-21,228.0
2017-09-22,224.0
2017-09-23,231.66666666666666
2017-09-24,231.66666666666666
2017-09-25,221.66666666666666
2017-09-26,221.66666666666666
2017-09-27,228.33333333333334
2017-09-28,242.0
2017-09-29,244.0
2017-09-30,238.0
2017-10-01,238.0
2017-10-02,246.0
2017-10-03,246.0
2017-10-04,238.0
2017-10-05,238.0
2017-10-06,235.0
2017-10-07,230.0
2017-10-08,230.0
2017-10-09,225.0
2017-10-10,222.5
2017-10-11,197.5
2017-10-12,190.0
2017-10-13,181.66666666666666
2017-10-14,166.66666666666666
2017-10-15,166.66666666666666
2017-10-16,151.66666666666666
2017-10-17,135.0
2017-10-18,148.33333333333334
2017-10-19,158.33333333333334
2017-10-20,162.0
2017-10-21,164.0
2017-10-22,164.0
2017-10-23,178.0
2017-10-24,176.0
2017-10-25,176.0
2017-10-26,156.0
2017-10-27,163.33333333333334
2017-10-28,160.0
2017-10-29,160.0
2017-10-30,160.0
2017-10-31,170.0
2017-11-01,164.0
2017-11-02,176.0
2017-11-03,160.0
2017-11-04,176.0
2017-11-05,176.0
2017-11-06,160.0
2017-11-07,144.0
2017-11-08,136.66666666666666
2017-11-09,123.33333333333333
2017-11-10,123.33333333333333
2017-11-11,120.0
2017-11-12,120.0
2017-11-13,133.33333333333334
2017-11-14,191.66666666666666
2017-11-15,211.66666666666666
2017-11-16,253.33333333333334
2017-11-17,266.6666666666667
2017-11-18,273.3333333333333
2017-11-19,273.3333333333333
2017-11-20,280.0
2017-11-21,248.33333333333334
2017-11-22,251.66666666666666
2017-11-23,236.66666666666666
2017-11-24,246.66666666666666
2017-11-25,243.33333333333334
2017-11-26,243.33333333333334
2017-11-27,250.0
2017-11-28,340.0
2017-11-29,433.3333333333333
2017-11-30,533.3333333333334
2017-12-01,623.3333333333334
2017-12-02,723.3333333333334
2017-12-03,723.3333333333334
2017-12-04,785.0
2017-12-05,760.0
2017-12-06,726.6666666666666
2017-12-07,660.0
2017-12-08,600.0
2017-12-09,541.6666666666666
2017-12-10,541.6666666666666
2017-12-11,516.6666666666666
2017-12-12,508.3333333333333
2017-12-13,491.6666666666667
2017-12-14,488.3333333333333
2017-12-15,475.0
2017-12-16,473.3333333333333
2017-12-17,473.3333333333333
2017-12-18,463.3333333333333
2017-12-19,433.3333333333333
2017-12-20,416.6666666666667
2017-12-21,410.0
2017-12-22,410.0
2017-12-23,383.3333333333333
2017-12-24,383.3333333333333
2017-12-25,355.0
2017-12-26,331.6666666666667
2017-12-27,308.3333333333333
2017-12-28,285.0
2017-12-29,261.6666666666667
2017-12-30,256.6666666666667
2017-12-31,256.6666666666667
2018-01-01,256.6666666666667
2018-01-02,266.6666666666667
2018-01-03,278.3333333333333
2018-01-04,288.3333333333333
2018-01-05,303.3333333333333
2018-01-06,315.0
2018-01-07,315.0
2018-01-08,320.0
2018-01-09,306.6666666666667
2018-01-10,293.3333333333333
2018-01-11,283.3333333333333
2018-01-12,276.6666666666667
2018-01-13,265.0
2018-01-14,265.0
2018-01-15,256.6666666666667
2018-01-16,260.0
2018-01-17,258.3333333333333
2018-01-18,253.33333333333334
2018-01-19,245.0
2018-01-20,230.0
2018-01-21,230.0
2018-01-22,221.66666666666666
2018-01-23,215.0
2018-01-24,208.33333333333334
2018-01-25,200.0
2018-01-26,200.0
2018-01-27,210.0
2018-01-28,210.0
2018-01-29,213.33333333333334
2018-01-30,208.33333333333334
2018-01-31,201.66666666666666
2018-02-01,195.0
2018-02-02,181.66666666666666
2018-02-03,166.66666666666666
2018-02-04,166.66666666666666
2018-02-05,156.66666666666666
2018-02-06,156.66666666666666
2018-02-07,160.0
2018-02-08,166.66666666666666
2018-02-09,172.0
2018-02-10,182.0
2018-02-11,182.0
2018-02-12,194.0
2018-02-13,196.0
2018-02-14,200.0
2018-02-15,206.66666666666666
2018-02-16,245.0
2018-02-17,275.0
2018-02-18,275.0
2018-02-19,295.0
2018-02-20,320.0
2018-02-21,350.0
2018-02-22,372.0
2018-02-23,368.0
2018-02-24,388.0
2018-02-25,388.0
2018-02-26,400.0
2018-02-27,400.0
2018-02-28,384.0
2018-03-01,392.0
2018-03-02,396.0
2018-03-03,416.0
2018-03-04,416.0
2018-03-05,444.0
2018-03-06,463.3333333333333
2018-03-07,503.3333333333333
2018-03-08,503.3333333333333
2018-03-09,536.6666666666666
2018-03-10,543.3333333333334
2018-03-11,543.3333333333334
2018-03-12,543.3333333333334
2018-03-13,536.6666666666666
2018-03-14,536.6666666666666
2018-03-15,553.3333333333334
2018-03-16,546.6666666666666
2018-03-17,550.0
2018-03-18,550.0
2018-03-19,543.3333333333334
2018-03-20,548.0
2018-03-21,548.0
2018-03-22,538.0
2018-03-23,542.5
2018-03-24,542.5
2018-03-25,542.5
2018-03-26,577.5
2018-03-27,582.0
2018-03-28,582.0
2018-03-29,592.0
2018-03-30,586.6666666666666
2018-03-31,576.6666666666666
2018-04-01,576.6666666666666
2018-04-02,570.0
2018-04-03,561.6666666666666
2018-04-04,528.3333333333334
2018-04-05,525.0
2018-04-06,528.3333333333334
2018-04-07,540.0
2018-04-08,540.0
2018-04-09,538.3333333333334
2018-04-10,536.6666666666666
2018-04-11,553.3333333333334
2018-04-12,556.6666666666666
2018-04-13,560.0
2018-04-14,575.0
2018-04-15,575.0
2018-04-16,590.0
2018-04-17,616.6666666666666
2018-04-18,666.6666666666666
2018-04-19,690.0
2018-04-20,706.6666666666666
2018-04-21,716.0
2018-04-22,716.0
2018-04-23,735.0
2018-04-24,760.0
2018-04-25,722.5
2018-04-26,737.5
2018-04-27,712.5
2018-04-28,724.0
2018-04-29,724.0
2018-04-30,730.0
2018-05-01,718.3333333333334
2018-05-02,743.3333333333334
2018-05-03,743.3333333333334
2018-05-04,786.6666666666666
2018-05-05,800.0
2018-05-06,800.0
2018-05-07,823.3333333333334
2018-05-08,806.6666666666666
2018-05-09,793.3333333333334
2018-05-10,810.0
2018-05-11,793.3333333333334
2018-05-12,785.0
2018-05-13,785.0
2018-05-14,761.6666666666666
2018-05-15,785.0
2018-05-16,798.3333333333334
2018-05-17,781.6666666666666
2018-05-18,775.0
2018-05-19,788.3333333333334
2018-05-20,788.3333333333334
2018-05-21,795.0
2018-05-22,810.0
2018-05-23,803.3333333333334
2018-05-24,803.3333333333334
2018-05-25,826.6666666666666
2018-05-26,796.6666666666666
2018-05-27,796.6666666666666
2018-05-28,790.0
2018-05-29,766.6666666666666
2018-05-30,756.6666666666666
2018-05-31,698.3333333333334
2018-06-01,655.0
2018-06-02,646.0
2018-06-03,646.0
2018-06-04,617.5
2018-06-05,622.5
2018-06-06,642.5
2018-06-07,725.0
2018-06-08,775.0
2018-06-09,790.0
2018-06-10,790.0
2018-06-11,791.6666666666666
2018-06-12,801.6666666666666
2018-06-13,798.3333333333334
2018-06-14,741.6666666666666
2018-06-15,741.6666666666666
2018-06-16,730.0
2018-06-17,730.0
2018-06-18,730.0
2018-06-19,720.0
2018-06-20,710.0
2018-06-21,760.0
2018-06-22,760.0
2018-06-23,730.0
2018-06-24,730.0
2018-06-25,721.6666666666666
2018-06-26,723.3333333333334
2018-06-27,740.0
2018-06-28,733.3333333333334
2018-06-29,703.3333333333334
2018-06-30,720.0
2018-07-01,720.0
2018-07-02,721.6666666666666
2018-07-03,713.3333333333334
2018-07-04,705.0
2018-07-05,705.0
2018-07-06,726.6666666666666
2018-07-07,735.0
2018-07-08,735.0
2018-07-09,738.3333333333334
2018-07-10,705.0
2018-07-11,696.6666666666666
2018-07-12,705.0
2018-07-13,713.3333333333334
2018-07-14,705.0
2018-07-15,705.0
2018-07-16,705.0
2018-07-17,746.0
2018-07-18,726.0
2018-07-19,696.0
2018-07-20,656.0
2018-07-21,636.0
2018-07-22,636.0
2018-07-23,620.0
2018-07-24,633.3333333333334
2018-07-25,650.0
2018-07-26,650.0
2018-07-27,650.0
2018-07-28,650.0
2018-07-29,650.0
2018-07-30,650.0
2018-07-31,641.6666666666666
2018-08-01,625.0
2018-08-02,625.0
2018-08-03,625.0
2018-08-04,625.0
2018-08-05,625.0
2018-08-06,608.3333333333334
2018-08-07,633.3333333333334
2018-08-08,633.3333333333334
2018-08-09,666.6666666666666
2018-08-10,666.6666666666666
2018-08-11,666.6666666666666
2018-08-12,666.6666666666666
2018-08-13,683.3333333333334
2018-08-14,683.3333333333334
2018-08-15,700.0
2018-08-16,666.6666666666666
2018-08-17,700.0
2018-08-18,700.0
2018-08-19,700.0
2018-08-20,683.3333333333334
2018-08-21,650.0
2018-08-22,666.6666666666666
2018-08-23,666.6666666666666
2018-08-24,650.0
2018-08-25,666.6666666666666
2018-08-26,666.6666666666666
2018-08-27,650.0
2018-08-28,650.0
2018-08-29,616.6666666666666
2018-08-30,608.3333333333334
2018-08-31,591.6666666666666
2018-09-01,591.6666666666666
2018-09-02,591.6666666666666
2018-09-03,641.6666666666666
2018-09-04,608.3333333333334
2018-09-05,608.3333333333334
2018-09-06,600.0
2018-09-07,600.0
2018-09-08,600.0
2018-09-09,600.0
2018-09-10,566.6666666666666
2018-09-11,633.3333333333334
2018-09-12,633.3333333333334
2018-09-13,666.6666666666666
2018-09-14,700.0
2018-09-15,716.6666666666666
2018-09-16,716.6666666666666
2018-09-17,716.6666666666666
2018-09-18,716.6666666666666
2018-09-19,725.0
2018-09-20,716.6666666666666
2018-09-21,650.0
2018-09-22,650.0
2018-09-23,650.0
2018-09-24,666.6666666666666
2018-09-25,683.3333333333334
2018-09-26,725.0
2018-09-27,733.3333333333334
2018-09-28,766.6666666666666
2018-09-29,750.0
2018-09-30,750.0
2018-10-01,758.3333333333334
2018-10-02,741.6666666666666
2018-10-03,741.6666666666666
2018-10-04,741.6666666666666
2018-10-05,783.3333333333334
2018-10-06,800.0
2018-10-07,800.0
2018-10-08,810.0
2018-10-09,812.5
2018-10-10,787.5
2018-10-11,812.5
2018-10-12,825.0
2018-10-13,820.0
2018-10-14,820.0
2018-10-15,820.0
2018-10-16,816.6666666666666
2018-10-17,816.6666666666666
2018-10-18,833.3333333333334
2018-10-19,833.3333333333334
2018-10-20,833.3333333333334
2018-10-21,833.3333333333334
2018-10-22,850.0
2018-10-23,866.6666666666666
2018-10-24,866.6666666666666
2018-10-25,850.0
2018-10-26,833.3333333333334
2018-10-27,840.0
2018-10-28,840.0
2018-10-29,820.0
2018-10-30,760.0
2018-10-31,680.0
2018-11-01,650.0
2018-11-02,600.0
2018-11-03,640.0
2018-11-04,640.0
2018-11-05,600.0
2018-11-06,600.0
2018-11-07,580.0
2018-11-08,566.6666666666666
2018-11-09,550.0
2018-11-10,503.3333333333333
2018-11-11,503.3333333333333
2018-11-12,470.0
2018-11-13,436.6666666666667
2018-11-14,453.3333333333333
2018-11-15,403.3333333333333
2018-11-16,370.0
2018-11-17,333.3333333333333
2018-11-18,333.3333333333333
2018-11-19,316.6666666666667
2018-11-20,283.3333333333333
2018-11-21,263.3333333333333
2018-11-22,263.3333333333333
2018-11-23,260.0
2018-11-24,260.0
2018-11-25,260.0
2018-11-26,251.66666666666666
2018-11-27,258.3333333333333
2018-11-28,255.0
2018-11-29,251.66666666666666
2018-11-30,241.66666666666666
2018-12-01,228.33333333333334
2018-12-02,228.33333333333334
2018-12-03,216.66666666666666
2018-12-04,200.0
2018-12-05,188.0
2018-12-06,188.0
2018-12-07,174.0
2018-12-08,162.0
2018-12-09,162.0
2018-12-10,162.0
2018-12-11,170.0
2018-12-12,211.66666666666666
2018-12-13,218.0
2018-12-14,260.0
2018-12-15,292.0
2018-12-16,292.0
2018-12-17,324.0
2018-12-18,360.0
2018-12-19,352.0
2018-12-20,358.3333333333333
2018-12-21,358.0
2018-12-22,352.0
2018-12-23,352.0
2018-12-24,338.0
2018-12-25,326.0
2018-12-26,312.0
2018-12-27,294.0
2018-12-28,296.6666666666667
2018-12-29,298.3333333333333
2018-12-30,298.3333333333333
2018-12-31,306.6666666666667
2019-01-01,313.3333333333333
2019-01-02,321.6666666666667
2019-01-03,325.0
2019-01-04,325.0
2019-01-05,330.0
2019-01-06,330.0
2019-01-07,333.3333333333333
2019-01-08,332.0
2019-01-09,316.0
2019-01-10,315.0
2019-01-11,295.0
2019-01-12,277.5
2019-01-13,277.5
2019-01-14,267.5
2019-01-15,266.0
2019-01-16,274.0
2019-01-17,285.0
2019-01-18,293.3333333333333
2019-01-19,298.3333333333333
2019-01-20,298.3333333333333
2019-01-21,298.3333333333333
2019-01-22,308.3333333333333
2019-01-23,315.0
2019-01-24,311.6666666666667
2019-01-25,331.6666666666667
2019-01-26,340.0
2019-01-27,340.0
2019-01-28,350.0
2019-01-29,360.0
2019-01-30,360.0
2019-01-31,373.3333333333333
2019-02-01,373.3333333333333
2019-02-02,373.3333333333333
2019-02-03,373.3333333333333
2019-02-04,365.0
2019-02-05,365.0
2019-02-06,335.0
2019-02-07,310.0
2019-02-08,275.0
2019-02-09,280.0
2019-02-10,280.0
2019-02-11,264.0
2019-02-12,270.0
2019-02-13,276.0
2019-02-14,304.0
2019-02-15,332.0
2019-02-16,352.0
2019-02-17,352.0
2019-02-18,380.0
2019-02-19,408.0
2019-02-20,406.6666666666667
2019-02-21,420.0
2019-02-22,403.3333333333333
2019-02-23,410.0
2019-02-24,410.0
2019-02-25,413.3333333333333
2019-02-26,393.3333333333333
2019-02-27,386.6666666666667
2019-02-28,360.0
2019-03-01,370.0
2019-03-02,345.0
2019-03-03,345.0
2019-03-04,331.6666666666667
2019-03-05,331.6666666666667
2019-03-06,328.3333333333333
2019-03-07,331.6666666666667
2019-03-08,328.3333333333333
2019-03-09,343.3333333333333
2019-03-10,343.3333333333333
2019-03-11,343.3333333333333
2019-03-12,353.3333333333333
2019-03-13,361.6666666666667
2019-03-14,361.6666666666667
2019-03-15,355.0
2019-03-16,345.0
2019-03-17,345.0
2019-03-18,331.6666666666667
2019-03-19,315.0
2019-03-20,295.0
2019-03-21,288.3333333333333
2019-03-22,285.0
2019-03-23,275.0
2019-03-24,275.0
2019-03-25,278.3333333333333
2019-03-26,285.0
2019-03-27,306.6666666666667
2019-03-28,313.3333333333333
2019-03-29,326.6666666666667
2019-03-30,343.3333333333333
2019-03-31,343.3333333333333
2019-04-01,363.3333333333333
2019-04-02,383.3333333333333
2019-04-03,383.3333333333333
2019-04-04,393.3333333333333
2019-04-05,410.0
2019-04-06,420.0
2019-04-07,420.0
2019-04-08,420.0
2019-04-09,413.3333333333333
2019-04-10,420.0
2019-04-11,436.6666666666667
2019-04-12,426.6666666666667
2019-04-13,440.0
2019-04-14,440.0
2019-04-15,440.0
2019-04-16,456.6666666666667
2019-04-17,471.6666666666667
2019-04-18,488.3333333333333
2019-04-19,471.6666666666667
2019-04-20,471.6666666666667
2019-04-21,471.6666666666667
2019-04-22,505.0
2019-04-23,531.6666666666666
2019-04-24,536.6666666666666
2019-04-25,533.3333333333334
2019-04-26,583.3333333333334
2019-04-27,600.0
2019-04-28,600.0
2019-04-29,610.0
2019-04-30,600.0
2019-05-01,610.0
2019-05-02,620.0
2019-05-03,628.3333333333334
2019-05-04,638.3333333333334
2019-05-05,638.3333333333334
2019-05-06,628.3333333333334
2019-05-07,633.3333333333334
2019-05-08,630.0
2019-05-09,623.3333333333334
2019-05-10,590.0
2019-05-11,573.3333333333334
2019-05-12,573.3333333333334
2019-05-13,570.0
2019-05-14,561.6666666666666
2019-05-15,555.0
2019-05-16,551.6666666666666
2019-05-17,560.0
2019-05-18,550.0
2019-05-19,550.0
2019-05-20,536.6666666666666
2019-05-21,526.6666666666666
2019-05-22,530.0
2019-05-23,520.0
2019-05-24,530.0
2019-05-25,533.3333333333334
2019-05-26,533.3333333333334
2019-05-27,533.3333333333334
2019-05-28,530.0
2019-05-29,523.3333333333334
2019-05-30,520.0
2019-05-31,516.6666666666666
2019-06-01,520.0
2019-06-02,520.0
2019-06-03,520.0
2019-06-04,523.3333333333334
2019-06-05,520.0
2019-06-06,530.0
2019-06-07,533.3333333333334
2019-06-08,536.6666666666666
2019-06-09,536.6666666666666
2019-06-10,546.6666666666666
2019-06-11,543.3333333333334
2019-06-12,546.6666666666666
2019-06-13,544.0
2019-06-14,552.0
2019-06-15,544.0
2019-06-16,544.0
2019-06-17,536.0
2019-06-18,540.0
2019-06-19,536.0
2019-06-20,540.0
2019-06-21,540.0
2019-06-22,553.3333333333334
2019-06-23,553.3333333333334
2019-06-24,560.0
2019-06-25,566.6666666666666
2019-06-26,580.0
2019-06-27,573.3333333333334
2019-06-28,563.3333333333334
2019-06-29,556.6666666666666
2019-06-30,556.6666666666666
2019-07-01,556.6666666666666
2019-07-02,553.3333333333334
2019-07-03,541.6666666666666
2019-07-04,555.0
2019-07-05,565.0
2019-07-06,571.6666666666666
2019-07-07,571.6666666666666
2019-07-08,571.6666666666666
2019-07-09,581.6666666666666
2019-07-10,593.3333333333334
2019-07-11,590.0
2019-07-12,598.3333333333334
2019-07-13,598.3333333333334
2019-07-14,598.3333333333334
2019-07-15,605.0
2019-07-16,603.3333333333334
2019-07-17,596.6666666666666
2019-07-18,593.3333333333334
2019-07-19,598.3333333333334
2019-07-20,598.3333333333334
2019-07-21,598.3333333333334
2019-07-22,591.6666666666666
2019-07-23,593.3333333333334
2019-07-24,600.0
2019-07-25,608.0
2019-07-26,588.0
2019-07-27,585.0
2019-07-28,585.0
2019-07-29,585.0
2019-07-30,585.0
2019-07-31,585.0
2019-08-01,588.0
2019-08-02,588.0
2019-08-03,586.6666666666666
2019-08-04,586.6666666666666
2019-08-05,593.3333333333334
2019-08-06,586.6666666666666
2019-08-07,580.0
2019-08-08,576.6666666666666
2019-08-09,576.6666666666666
2019-08-10,576.0
2019-08-11,576.0
2019-08-12,576.0
2019-08-13,572.0
2019-08-14,576.0
2019-08-15,575.0
2019-08-16,577.5
2019-08-17,577.5
2019-08-18,577.5
2019-08-19,570.0
2019-08-20,590.0
2019-08-21,590.0
2019-08-22,592.5
2019-08-23,595.0
2019-08-24,595.0
2019-08-25,595.0
2019-08-26,596.0
2019-08-27,592.0
2019-08-28,592.0
2019-08-29,596.0
2019-08-30,614.0
2019-08-31,611.6666666666666
2019-09-01,611.6666666666666
2019-09-02,611.6666666666666
2019-09-03,611.6666666666666
2019-09-04,615.0
2019-09-05,608.3333333333334
2019-09-06,586.6666666666666
2019-09-07,586.6666666666666
2019-09-08,586.6666666666666
2019-09-09,583.3333333333334
2019-09-10,583.3333333333334
2019-09-11,580.0
2019-09-12,583.3333333333334
2019-09-13,590.0
2019-09-14,580.0
2019-09-15,580.0
2019-09-16,573.3333333333334
2019-09-17,573.3333333333334
2019-09-18,576.6666666666666
2019-09-19,570.0
2019-09-20,561.6666666666666
2019-09-21,571.6666666666666
2019-09-22,571.6666666666666
2019-09-23,581.6666666666666
2019-09-24,581.6666666666666
2019-09-25,578.3333333333334
2019-09-26,568.3333333333334
2019-09-27,566.6666666666666
2019-09-28,560.0
2019-09-29,560.0
2019-09-30,556.6666666666666
2019-10-01,550.0
2019-10-02,553.3333333333334
2019-10-03,570.0
2019-10-04,571.6666666666666
2019-10-05,578.3333333333334
2019-10-06,578.3333333333334
2019-10-07,581.6666666666666
2019-10-08,591.6666666666666
2019-10-09,598.3333333333334
2019-10-10,605.0
2019-10-11,620.0
2019-10-12,620.0
2019-10-13,620.0
2019-10-14,630.0
2019-10-15,633.3333333333334
2019-10-16,640.0
2019-10-17,633.3333333333334
2019-10-18,626.6666666666666
2019-10-19,635.0
2019-10-20,635.0
2019-10-21,630.0
2019-10-22,646.0
2019-10-23,650.0
2019-10-24,658.0
2019-10-25,654.0
2019-10-26,644.0
2019-10-27,644.0
2019-10-28,636.6666666666666
2019-10-29,630.0
2019-10-30,630.0
2019-10-31,636.6666666666666
2019-11-01,650.0
2019-11-02,660.0
2019-11-03,660.0
2019-11-04,666.6666666666666
2019-11-05,656.6666666666666
2019-11-06,623.3333333333334
2019-11-07,625.0
2019-11-08,598.3333333333334
2019-11-09,588.3333333333334
2019-11-10,588.3333333333334
2019-11-11,581.6666666666666
2019-11-12,581.6666666666666
2019-11-13,595.0
2019-11-14,563.3333333333334
2019-11-15,573.3333333333334
2019-11-16,573.3333333333334
2019-11-17,573.3333333333334
2019-11-18,590.0
2019-11-19,590.0
2019-11-20,596.6666666666666
2019-11-21,713.3333333333334
2019-11-22,736.6666666666666
2019-11-23,803.3333333333334
2019-11-24,803.3333333333334
2019-11-25,853.3333333333334
2019-11-26,920.0
2019-11-27,916.6666666666666
2019-11-28,800.0
2019-11-29,800.0
2019-11-30,743.3333333333334
2019-12-01,743.3333333333334
2019-12-02,743.3333333333334
2019-12-03,660.0
2019-12-04,660.0
2019-12-05,673.3333333333334
2019-12-06,790.0
2019-12-07,880.0
2019-12-08,880.0
2019-12-09,863.3333333333334
2019-12-10,933.3333333333334
2019-12-11,970.0
2019-12-12,1073.3333333333333
2019-12-13,1008.0
2019-12-14,960.0
2019-12-15,960.0
2019-12-16,980.0
2019-12-17,1010.0
2019-12-18,1325.0
2019-12-19,1425.0
2019-12-20,1383.3333333333333
2019-12-21,1312.5
2019-12-22,1312.5
2019-12-23,1250.0
2019-12-24,1208.3333333333333
2019-12-25,1133.3333333333333
2019-12-26,1083.3333333333333
2019-12-27,1050.0
2019-12-28,1016.6666666666666
2019-12-29,1016.6666666666666
2019-12-30,1016.6666666666666
2019-12-31,975.0
2020-01-01,975.0
2020-01-02,965.0
2020-01-03,965.0
2020-01-04,1015.0
2020-01-05,1015.0
2020-01-06,1065.0
2020-01-07,1156.6666666666667
2020-01-08,1190.0
2020-01-09,1216.6666666666667
2020-01-10,1216.6666666666667
2020-01-11,1216.6666666666667
2020-01-12,1216.6666666666667
2020-01-13,1200.0
2020-01-14,1180.0
2020-01-15,1180.0
2020-01-16,1160.0
2020-01-17,1212.0
2020-01-18,1172.0
2020-01-19,1172.0
2020-01-20,1152.0
2020-01-21,1126.6666666666667
2020-01-22,1076.6666666666667
2020-01-23,1018.3333333333334
2020-01-24,891.6666666666666
2020-01-25,835.0
2020-01-26,835.0
2020-01-27,785.0
2020-01-28,818.3333333333334
2020-01-29,818.3333333333334
2020-01-30,813.3333333333334
2020-01-31,853.3333333333334
2020-02-01,893.3333333333334
2020-02-02,893.3333333333334
2020-02-03,903.3333333333334
2020-02-04,840.0
2020-02-05,823.3333333333334
2020-02-06,830.0
2020-02-07,806.6666666666666
2020-02-08,788.0
2020-02-09,788.0
2020-02-10,770.0
2020-02-11,765.0
2020-02-12,765.0
2020-02-13,790.0
2020-02-14,817.5
2020-02-15,814.0
2020-02-16,814.0
2020-02-17,828.3333333333334
2020-02-18,848.3333333333334
2020-02-19,856.6666666666666
2020-02-20,873.3333333333334
2020-02-21,891.6666666666666
2020-02-22,908.3333333333334
2020-02-23,908.3333333333334
2020-02-24,908.3333333333334
2020-02-25,905.0
2020-02-26,905.8333333333334
2020-02-27,890.8333333333334
2020-02-28,887.5
2020-02-29,895.8333333333334
2020-03-01,895.8333333333334
2020-03-02,895.8333333333334
2020-03-03,904.1666666666666
2020-03-04,925.0
2020-03-05,930.0
2020-03-06,938.3333333333334
2020-03-07,880.0
2020-03-08,880.0
2020-03-09,838.3333333333334
2020-03-10,838.3333333333334
2020-03-11,833.3333333333334
2020-03-12,833.3333333333334
2020-03-13,833.3333333333334
2020-03-14,875.0
2020-03-15,875.0
2020-03-16,933.3333333333334
2020-03-17,925.0
2020-03-18,926.6666666666666
2020-03-19,943.3333333333334
2020-03-20,1001.6666666666666
2020-03-21,1010.0
2020-03-22,1010.0
2020-03-23,1043.3333333333333
2020-03-24,1072.0
2020-03-25,1100.0
2020-03-26,1133.3333333333333
2020-03-27,1050.0
2020-03-28,1050.4009330806239
2020-03-29,1051.5454147834962
2020-03-30,1053.3459688001167
2020-03-31,1056.2618457501094
2020-04-01,1059.177722700102
2020-04-02,1062.0935996500948
2020-04-03,1065.0094766000875
2020-04-04,1067.9253535500802
2020-04-05,1070.841230500073
2020-04-06,1073.7571074500656
2020-04-07,1076.6729844000583
2020-04-08,1079.588861350051
2020-04-09,1082.5047383000438
2020-04-10,1085.4206152500365
2020-04-11,1088.3364922000292
2020-04-12,1091.2523691500219
2020-04-13,1094.1682461000146
2020-04-14,1097.0841230500073
2020-04-15,1100.0
2020-04-16,1100.0
2020-04-17,1050.0
2020-04-18,1040.0
2020-04-19,1040.0
2020-04-20,1016.6666666666666
2020-04-21,1016.6666666666666
2020-04-22,983.3333333333334
2020-04-23,950.0
2020-04-24,966.6666666666666
2020-04-25,966.6666666666666
2020-04-26,966.6666666666666
2020-04-27,983.3333333333334
2020-04-28,983.3333333333334
2020-04-29,983.3333333333334
2020-04-30,1016.6666666666666
2020-05-01,1033.3333333333333
2020-05-02,1066.6666666666667
2020-05-03,1066.6666666666667
2020-05-04,1100.0
2020-05-05,1133.3333333333333
2020-05-06,1166.6666666666667
2020-05-07,1183.3333333333333
2020-05-08,1183.3333333333333
2020-05-09,1150.0
2020-05-10,1150.0
2020-05-11,1116.6666666666667
2020-05-12,1083.3333333333333
2020-05-13,1060.0
2020-05-14,1040.0
2020-05-15,1000.0
2020-05-16,980.0
2020-05-17,980.0
2020-05-18,960.0
2020-05-19,940.0
2020-05-20,883.3333333333334
2020-05-21,850.0
2020-05-22,866.6666666666666
2020-05-23,860.0
2020-05-24,860.0
2020-05-25,860.0
2020-05-26,880.0
2020-05-27,920.0
2020-05-28,920.0
2020-05-29,840.0
2020-05-30,800.0
2020-05-31,800.0
2020-06-01,750.0
2020-06-02,783.3333333333334
2020-06-03,816.6666666666666
2020-06-04,816.6666666666666
2020-06-05,860.0
2020-06-06,960.0
2020-06-07,960.0
2020-06-08,1040.0
2020-06-09,1000.0
2020-06-10,960.0
2020-06-11,900.0
2020-06-12,916.6666666666666
2020-06-13,880.0
2020-06-14,880.0
2020-06-15,880.0
2020-06-16,820.0
2020-06-17,860.0
2020-06-18,925.0
2020-06-19,925.0
2020-06-20,940.0
2020-06-21,940.0
2020-06-22,880.0
2020-06-23,900.0
2020-06-24,900.0
2020-06-25,933.3333333333334
2020-06-26,950.0
2020-06-27,966.6666666666666
2020-06-28,966.6666666666666
2020-06-29,1016.6666666666666
2020-06-30,1050.0
2020-07-01,1050.0
2020-07-02,1066.6666666666667
2020-07-03,1066.6666666666667
2020-07-04,1033.3333333333333
2020-07-05,1033.3333333333333
2020-07-06,1033.3333333333333
2020-07-07,983.3333333333334
2020-07-08,983.3333333333334
2020-07-09,950.0
2020-07-10,933.3333333333334
2020-07-11,950.0
2020-07-12,950.0
2020-07-13,983.3333333333334
2020-07-14,1066.6666666666667
2020-07-15,1100.0
2020-07-16,1133.3333333333333
2020-07-17,1166.6666666666667
2020-07-18,1200.0
2020-07-19,1200.0
2020-07-20,1200.0
2020-07-21,1200.0
2020-07-22,1216.6666666666667
2020-07-23,1200.0
2020-07-24,1183.3333333333333
2020-07-25,1166.6666666666667
2020-07-26,1166.6666666666667
2020-07-27,1150.0
2020-07-28,1150.0
2020-07-29,1166.6666666666667
2020-07-30,1250.0
2020-07-31,1266.6666666666667
2020-08-01,1250.0
2020-08-02,1250.0
2020-08-03,1266.6666666666667
2020-08-04,1266.6666666666667
2020-08-05,1216.6666666666667
2020-08-06,1150.0
2020-08-07,1200.0
2020-08-08,1233.3333333333333
2020-08-09,1233.3333333333333
2020-08-10,1216.6666666666667
2020-08-11,1216.6666666666667
2020-08-12,1200.0
2020-08-13,1200.0
2020-08-14,1150.0
2020-08-15,1140.0
2020-08-16,1140.0
2020-08-17,1120.0
2020-08-18,1100.0
2020-08-19,1125.0
2020-08-20,1100.0
2020-08-21,1050.0
2020-08-22,1050.0
2020-08-23,1050.0
2020-08-24,1100.0
2020-08-25,1100.0
2020-08-26,1066.6666666666667
2020-08-27,1075.0
2020-08-28,1080.0
2020-08-29,1080.0
2020-08-30,1080.0
2020-08-31,1040.0
2020-09-01,1060.0
2020-09-02,1080.0
2020-09-03,1100.0
2020-09-04,1120.0
2020-09-05,1116.6666666666667
2020-09-06,1116.6666666666667
2020-09-07,1116.6666666666667
2020-09-08,1116.6666666666667
2020-09-09,1133.3333333333333
2020-09-10,1116.6666666666667
2020-09-11,1116.6666666666667
2020-09-12,1150.0
2020-09-13,1150.0
2020-09-14,1200.0
2020-09-15,1216.6666666666667
2020-09-16,1216.6666666666667
2020-09-17,1233.3333333333333
2020-09-18,1300.0
2020-09-19,1483.3333333333333
2020-09-20,1483.3333333333333
2020-09-21,1650.0
2020-09-22,1566.6666666666667
2020-09-23,1666.6666666666667
2020-09-24,1766.6666666666667
2020-09-25,1800.0
2020-09-26,1650.0
2020-09-27,1650.0
2020-09-28,1466.6666666666667
2020-09-29,1800.0
2020-09-30,2500.0
